0.9180983230471611
0.6867683231830597
0.8659019470214844
1.1979974210262299
0.8569514602422714
0.8506899625062943
0.966517835855484
1.0256873052567244
0.8182474374771118
1.0729723200201988
1.126438781619072
0.976526964455843
1.3369931280612946
0.8633160442113876
0.995012030005455
0.7795978039503098
0.9275063201785088
0.8525076806545258
0.8820474073290825
1.1116967722773552
0.937790222465992
0.7329093515872955
1.1229113712906837
0.7987810224294662
0.9496089108288288
0.937655545771122
1.0629344955086708
1.0509052723646164
1.1010285317897797
1.1612478494644165
0.9881082391366363
0.8893124759197235
0.9213923737406731
0.812350869178772
1.1437854170799255
0.9441476240754128
1.1141953989863396
1.0866085290908813
1.0340074077248573
1.079248882830143
1.0330484956502914
0.8994323313236237
1.108241468667984
1.1578029990196228
1.028770137578249
0.890889398753643
1.056083358824253
0.7868718355894089
0.6004671454429626
1.248596653342247
1.2084894180297852
0.9121053218841553
0.9680568501353264
0.9457234479486942
0.8729190826416016
0.7459664642810822
0.8784119561314583
0.8069543093442917
1.0681550353765488
0.8673572093248367
1.0021738859359175
1.0357901901006699
0.925023727118969
0.8276131749153137
1.020099513232708
0.9059950113296509
0.9321767687797546
1.1138585805892944
0.9587152935564518
0.8066699206829071
0.7016952335834503
1.0861434638500214
0.6021335124969482
0.9881468759849668
0.9315214157104492
1.0817695185542107
1.1077151745557785
0.8485460579395294
0.617586612701416
0.9969328418374062
0.7582605183124542
1.046935923397541
1.0669234171509743
0.9640301056206226
0.9663509279489517
1.1022177338600159
0.9885750859975815
1.0330649837851524
0.9292617291212082
0.9193418622016907
1.0762524530291557
1.0818277299404144
0.9122499972581863
1.068947583436966
0.9818338807672262
0.9243453741073608
1.1701288521289825
1.121733509004116
0.9356104955077171
0.9775069039314985
0.9016481563448906
0.9581586271524429
1.3378014266490936
1.0249630007892847
0.999572495900793
0.9993567727506161
0.7861644625663757
0.757464125752449
0.8161874711513519
0.9411230012774467
0.957249827682972
0.8024379760026932
1.006505147088319
0.8668166100978851
1.0046801771968603
1.0775812938809395
1.0308481808751822
0.9599905796349049
1.041111122816801
0.9738775789737701
0.6390072703361511
0.7566435486078262
0.9480934701859951
1.0353652499616146
0.9578108191490173
1.086897812783718
1.0500908493995667
1.0717265829443932
0.9914552439004183
0.8125906139612198
0.938132356852293
0.8998015522956848
1.0643304511904716
1.1088570207357407
0.9976062492933124
1.130536749958992
0.5302946865558624
1.0791761204600334
1.0140491966158152
1.2241525948047638
0.7539671510457993
0.9817607961595058
0.9288356006145477
0.9499504193663597
1.1046111658215523
0.9986970460740849
1.0781170427799225
0.8697767704725266
0.876606673002243
1.140491098165512
1.1051277965307236
1.1456919461488724
0.9202325865626335
0.8302540183067322
0.8309223353862762
1.067002922296524
0.9905590265989304
1.281057745218277
1.1483929753303528
1.1696890145540237
1.0109739620238543
0.7754119634628296
0.9158220887184143
0.6978200376033783
0.8699986040592194
1.0466171763837337
0.9577632248401642
0.9717025645077229
1.0055280923843384
0.9853382548317313
0.9604113660752773
0.9745857659727335
0.9460792690515518
1.0539937503635883
1.0674527361989021
1.03542285785079
0.757678434252739
1.1089348196983337
0.9430982358753681
1.1309766471385956
0.9184042736887932
0.976928262040019
1.283370465040207
0.7879212200641632
0.9349582940340042
1.1628841012716293
0.9410222247242928
0.8094218969345093
1.1454518139362335
1.035047847777605
0.89466492831707
0.999431095959153
1.0039186743088067
0.8833233118057251
0.967091154307127
0.8048425018787384
1.0663558468222618
1.1167155504226685
1.086624152958393
0.8242991864681244
0.8859023898839951
1.0749265924096107
1.016164792701602
0.9975516721606255
1.223147913813591
0.909220740199089
1.0291373543441296
0.9360131621360779
0.9696328658610582
0.7747960537672043
0.9073837995529175
1.0067214746959507
0.8452598303556442
0.9482820816338062
1.0141255045309663
0.9873610883951187
1.2489761412143707
0.8300836086273193
1.1530200988054276
1.0004826709919143
1.0551500618457794
0.7871307879686356
0.8764866441488266
0.9356061816215515
1.158686563372612
1.0608503445982933
0.9164208322763443
1.0962536558508873
0.830973669886589
0.9146064519882202
1.1630340218544006
1.0563163571059704
1.074032001197338
1.0847085639834404
0.8938323631882668
1.042778953909874
1.161844715476036
1.0240927040576935
0.9777681473642588
0.9088065549731255
1.0689802542328835
0.8211446404457092
0.8951006382703781
0.9524083770811558
0.8274234682321548
0.7946519106626511
1.0319589227437973
1.137548252940178
1.209201604127884
1.0381682738661766
1.028918795287609
1.004043894354254
0.9679421037435532
1.035124596208334
1.1757803708314896
0.8736285865306854
0.8483864367008209
1.0137311313301325
1.0125601822510362
0.9290219470858574
0.8185105919837952
1.111219771206379
0.9637761935591698
1.1189287304878235
0.8874252662062645
0.8299160599708557
1.1689628958702087
0.9805935323238373
0.8629849404096603
0.9949259422719479
0.9862156435847282
1.0762627199292183
1.0023994762450457
1.0429449826478958
0.8681640177965164
0.8939633443951607
1.0232541412115097
1.0728781074285507
1.0184468068182468
0.872808575630188
0.8776915147900581
0.9631296694278717
1.0677428841590881
1.0336314216256142
1.0147812739014626
0.6935404241085052
1.0655494257807732
0.7390053272247314
0.938661128282547
1.076511949300766
1.1655545085668564
0.9311588108539581
0.8379201591014862
0.952680129557848
1.066909596323967
1.087258443236351
0.8517835289239883
1.0434255003929138
0.9846862107515335
0.7868083268404007
1.0100213447585702
1.044111080467701
1.2863705456256866
0.863079234957695
0.9965759217739105
1.0249808710068464
0.9857630804181099
0.9449736103415489
0.8411434888839722
0.9863264765590429
1.0254226624965668
1.1093333885073662
0.988202877342701
1.1258047223091125
1.1561837643384933
0.9516254439949989
0.9834300056099892
1.0758037120103836
1.0459136962890625
0.849701464176178
1.122262366116047
1.0590033307671547
0.9310705214738846
1.0626998096704483
0.9297754690051079
0.9129330068826675
0.890633650124073
0.890567809343338
0.9842686094343662
0.9543671794235706
1.1174572184681892
0.9165231361985207
1.2644563019275665
0.906163789331913
0.5682857036590576
1.0520280599594116
0.8924688473343849
1.0329340808093548
0.7635481804609299
0.9787759017199278
0.8513802736997604
0.9207259267568588
0.9901078026741743
0.965239480137825
1.057117410004139
0.8993779048323631
1.1077162027359009
1.0978621169924736
1.067638136446476
0.8807147890329361
0.970870029181242
1.10860975086689
0.7737491279840469
1.0553112775087357
0.9948408561758697
1.0643738582730293
0.8816843703389168
0.7944303005933762
0.7679465413093567
0.9279640763998032
1.0591579973697662
0.8976566791534424
0.8791484087705612
0.8690425604581833
1.0642470195889473
1.2003509849309921
0.8045602142810822
1.1316557079553604
1.1859096884727478
0.7018161714076996
0.7987532019615173
0.8198166042566299
0.9450450092554092
0.757915124297142
1.1878105401992798
0.8388604819774628
0.9931801306083798
1.0334597639739513
1.1030641049146652
1.0585993342101574
0.9799770675599575
0.769156277179718
1.0338526852428913
1.0664617866277695
1.3033527731895447
0.8148999512195587
1.002891822019592
0.8691083043813705
0.9744427483528852
1.0826768949627876
0.9568255208432674
0.9534014835953712
1.1180934756994247
1.0645385533571243
0.9965349806006998
0.9501230306923389
0.7130467295646667
0.8584035485982895
0.9473387822508812
0.8864287585020065
0.9754926189780235
0.8365278840065002
1.2879673540592194
0.9382496178150177
1.0787791535258293
1.1398288160562515
0.912862129509449
0.8532681465148926
0.9823930021375418
0.976182421669364
1.040076170116663
1.1158632412552834
1.135645940899849
1.0421615317463875
1.2663959562778473
0.9668846167623997
0.9336379691958427
0.9395861029624939
1.1010409742593765
0.9135250300168991
0.9937262530438602
0.746232807636261
1.1077253967523575
0.9511592574417591
1.1046405211091042
1.0972190648317337
0.8865700885653496
0.997525350889191
1.0624051429331303
0.8025937080383301
1.0485255718231201
1.0963975489139557
0.8213367909193039
0.7213387787342072
1.0587622933089733
1.024899635463953
1.1060126274824142
0.8758906200528145
0.8105949461460114
1.0404572151601315
0.7452506422996521
0.9317066892981529
1.0451447516679764
1.0944286659359932
0.9692220315337181
1.1218738928437233
1.1919176578521729
0.8918901830911636
1.1049362048506737
0.8760990798473358
1.0564497821033
1.0116588324308395
0.9361660107970238
0.9564407914876938
0.867959201335907
1.309188425540924
0.5729465484619141
0.9284792840480804
0.8425863832235336
0.8263241797685623
1.256748527288437
0.9452550038695335
0.8428331613540649
1.1772606372833252
1.1414048820734024
0.9222389236092567
1.1115093529224396
1.049939852207899
0.9473834671080112
1.0360531769692898
0.7544611394405365
1.081240952014923
1.2478923499584198
1.0468463338911533
0.8719289600849152
0.5479251146316528
1.060142207890749
1.178001955151558
1.0044067949056625
0.8954801335930824
0.8614927381277084
1.0038640312850475
1.0539474971592426
1.0753019750118256
0.9309157207608223
0.9957006499171257
0.9422299861907959
0.8507179617881775
0.9133656620979309
1.1689723581075668
1.0100652361288667
1.0312382597476244
0.9511350430548191
1.2457195818424225
0.7550373524427414
0.9614906869828701
0.8896103203296661
0.8666471391916275
1.148558109998703
0.9278145208954811
1.0908665135502815
1.1322552561759949
0.7661982774734497
0.864294022321701
0.8745100200176239
1.0550129041075706
0.9842508435249329
0.8178901672363281
0.8590098470449448
0.834795355796814
1.08502796292305
0.9875617437064648
0.9685923978686333
1.0364342369139194
1.1713798642158508
0.7584116607904434
0.9159967601299286
0.8466287404298782
0.6696715950965881
1.0317525155842304
0.8661904036998749
1.1882143020629883
1.118586540222168
1.1386488676071167
1.133028969168663
1.0464878492057323
0.9361413717269897
0.6929018199443817
0.7784601002931595
0.9964030729606748
0.9802680816501379
0.9716145601123571
0.9173483848571777
0.6425438523292542
1.09439916908741
0.8542194664478302
0.8123513758182526
1.0205170530825853
0.8646188974380493
1.0857601761817932
1.2127549946308136
1.0829203575849533
1.113297387957573
1.0894920825958252
1.2839804887771606
0.9788225349038839
0.7449576258659363
0.9397792294621468
0.8520973771810532
0.9606019742786884
0.8707780539989471
1.0139455627650023
1.0470520220696926
0.7995096445083618
0.8962114304304123
0.9714189171791077
1.2054173052310944
0.8003759980201721
0.9474373646080494
1.1099608540534973
0.9391680657863617
1.0616198368370533
1.0211338941007853
0.8326499760150909
1.0328090228140354
1.0440857708454132
0.9165396839380264
0.7607414722442627
0.9404759928584099
0.6604304611682892
1.062877431511879
0.9976461939513683
1.1237434148788452
1.2219957560300827
1.1676594763994217
0.7329122126102448
0.9842781852930784
0.9231749251484871
0.9862477518618107
1.336941123008728
0.8640411794185638
0.9992962097167037
0.92653539031744
0.7870093584060669
0.6553971469402313
1.0638867169618607
0.9267406612634659
0.8540976494550705
0.8811071217060089
0.8905973359942436
0.7642290890216827
0.908747024834156
1.1362799853086472
0.8375948518514633
0.902910552918911
0.8798492550849915
0.9207139313220978
1.0952979922294617
1.0296940226107836
0.962985847145319
0.8992518410086632
0.8569952547550201
0.8890273869037628
0.7316106259822845
1.0298449732363224
1.076154202222824
1.1168358772993088
1.0622035041451454
1.1921004951000214
0.8908024579286575
0.9696603436022997
0.9488205537199974
1.0476340651512146
0.9302734062075615
1.3021507859230042
0.7863112688064575
1.0226221829652786
0.9052913933992386
0.8891644105315208
1.075905203819275
1.0216153860092163
0.864201545715332
1.076183907687664
0.796296626329422
0.6619759202003479
1.1928491443395615
0.6383533179759979
0.9732771702110767
0.9017768353223801
0.9393759556114674
1.0593377873301506
0.7419559955596924
0.852449044585228
0.8568212240934372
0.9454981088638306
1.2198931872844696
0.9450684264302254
0.9988165776012465
0.9717992823570967
1.0721064433455467
1.0662967339158058
1.0075699342414737
0.8989566564559937
0.7111198902130127
1.052876055240631
0.8532028496265411
0.8898423761129379
0.9819738604128361
1.0355005450546741
0.8634131699800491
1.1319111734628677
0.9467121846973896
0.9632064625620842
0.9489386044442654
0.7328729927539825
1.148157849907875
1.0434586741030216
0.8338186740875244
1.032803189009428
1.241310328245163
1.059206873178482
1.00936240516603
0.583200216293335
0.9857781436294317
1.0566118732094765
1.0808099508285522
1.1407839208841324
0.8137053996324539
0.8105572462081909
0.9482769891619682
0.972275348380208
1.0027580372989178
1.0835040360689163
0.9664660841226578
1.0227213837206364
1.1074128970503807
0.8733373880386353
1.1231428012251854
1.0152954123914242
0.8488962352275848
0.9885640954598784
0.7733045071363449
1.133675828576088
0.9063484817743301
0.9121664464473724
0.9411923475563526
0.9471302777528763
0.8917231932282448
1.145007386803627
1.002452224260196
0.9424082934856415
0.7932901382446289
1.0710270255804062
0.9043838828802109
0.9059763997793198
1.0889658480882645
0.9737889617681503
0.99204446002841
0.9605317451059818
0.6210972666740417
0.7348044514656067
1.2170000523328781
1.1600513309240341
1.2508229911327362
1.0545171052217484
0.9978939683642238
0.9632650129497051
1.308156132698059
0.8591358661651611
1.0424781069159508
1.0069851381704211
1.0113242575898767
1.1178865507245064
0.92538832873106
0.8020734041929245
0.9217012673616409
1.0212351214140654
0.910151869058609
1.2455327063798904
1.083958275616169
0.8379215449094772
1.2181136757135391
1.0242236759513617
1.2076064944267273
1.1206738501787186
1.2049811333417892
1.0617974288761616
0.840354785323143
0.8489110618829727
1.0042864275164902
1.182414472103119
0.8056191802024841
1.0381069853901863
1.0266201682388783
0.8137630224227905
1.0052633844316006
0.8088742643594742
1.021974528208375
0.9740456510335207
0.9380078539252281
0.9060190543532372
1.1923186480998993
0.9516397006809711
1.023336187005043
0.71363365650177
1.1189297810196877
1.0870681330561638
0.8355974853038788
0.8144030869007111
0.9073046445846558
0.9490301534533501
0.8283290416002274
0.9244349449872971
1.1287937611341476
1.193869948387146
1.0472880639135838
0.802527517080307
0.8321486413478851
1.0361745096743107
1.0464730970561504
0.7991043329238892
1.0086053870618343
0.9237708523869514
0.9379258640110493
1.0844767391681671
0.9369851276278496
0.8760711997747421
0.8778385147452354
0.8897704631090164
0.898296020925045
0.717879444360733
0.7905577719211578
1.0261060893535614
1.0729955658316612
1.025546545162797
1.0765592977404594
0.9305324852466583
0.8884633556008339
1.035981923341751
1.0487684160470963
0.7024782001972198
0.8429650366306305
0.8231265693902969
1.0296577662229538
0.780072882771492
1.087124079465866
1.1324072480201721
1.1876676380634308
0.9904538635164499
0.8281783610582352
1.2168683409690857
0.8524933308362961
1.1328571438789368
0.9225899279117584
1.1944972276687622
0.8973605781793594
1.2209137827157974
0.9985691158799455
0.6257894039154053
0.9515908174216747
1.2188937664031982
1.0191379487514496
1.1514424234628677
1.0309522114694118
0.986665116623044
0.9421569257974625
1.0208866316825151
1.0866212397813797
0.7849430441856384
0.8593638241291046
1.2370354235172272
0.9170164242386818
1.244254395365715
1.2801584005355835
0.8505310863256454
0.908859483897686
0.9260973036289215
1.0300192665308714
0.9923574766144156
1.0513929724693298
0.9390573985874653
0.7641661614179611
0.7980846166610718
0.6214355230331421
0.9765254613012075
1.1246307641267776
1.040409579873085
1.2336109727621078
1.2097491025924683
1.0544190108776093
0.8622422218322754
1.0940171778202057
0.9594637528061867
1.0992848724126816
0.8494252115488052
1.0638768523931503
0.9453242160379887
0.9116040766239166
1.062786377966404
0.9174924790859222
0.9406112655997276
1.030772777274251
1.1547763496637344
0.8363980501890182
0.9431129731237888
1.094606727361679
0.9292567521333694
1.073145978152752
0.9028194025158882
0.8380849361419678
0.8698686063289642
0.8983636572957039
1.010023219510913
1.0598503574728966
0.9295105636119843
0.7940126657485962
1.248520165681839
0.5722348690032959
0.8882004246115685
1.0068613444454968
0.6932538151741028
1.0086029805243015
1.0935561209917068
0.8892551884055138
1.054345227777958
1.049987394362688
0.8886770680546761
1.0065802303142846
1.0930424630641937
0.9170023202896118
0.8524080663919449
0.940744686871767
0.9256181120872498
0.9047718942165375
1.0163969174027443
1.1227526292204857
1.103938065469265
1.2150651067495346
0.8308969140052795
1.123978115618229
1.0650217905640602
0.767846092581749
1.174114391207695
1.0861555561423302
1.0360798090696335
1.1208545863628387
0.9829033426940441
1.0274230912327766
1.004047442227602
0.6763089597225189
1.1109299138188362
0.8029694259166718
1.0202394779771566
0.9538434110581875
0.8607481271028519
0.8339024037122726
1.1536014080047607
1.0815186947584152
0.7360022962093353
0.9843900352716446
0.8041088283061981
0.9972349442541599
0.9225744605064392
0.9060955941677094
0.9240218326449394
1.2013323158025742
1.11420039832592
0.8901581019163132
0.9786078184843063
0.8538848757743835
1.3017960488796234
0.8589468598365784
0.9328984767198563
1.0152123644948006
0.9086352735757828
0.9604053348302841
1.189280554652214
1.1172074303030968
0.9795264955610037
1.0520601607859135
0.9819975923746824
1.0151495561003685
0.9476473741233349
1.0520509481430054
0.9558128789067268
1.059070035815239
0.7247017025947571
0.8627190291881561
0.767062172293663
0.9283773228526115
0.8370950371026993
1.496685653924942
1.0094567630439997
1.1878933906555176
0.6172984838485718
0.9392035864293575
0.9436770379543304
0.7847554236650467
0.907415084540844
1.1701752692461014
0.8768566101789474
0.9237596914172173
0.9956386052072048
1.0184887927025557
0.8168552666902542
1.0825712159276009
0.7459139823913574
0.8518265336751938
0.9945327704772353
1.1342329233884811
1.1289664208889008
0.7500694990158081
0.8955770432949066
0.9010616913437843
1.0551968701183796
1.0203510075807571
0.939379870891571
0.5833338797092438
1.1188631057739258
0.8306184113025665
0.7056776881217957
0.6151790022850037
0.8563352674245834
1.2196797132492065
0.9469607956707478
0.8105146288871765
1.0581797771155834
0.8118931204080582
0.9349328503012657
0.9703129660338163
0.9427856020629406
1.0922932848334312
0.9750148318707943
0.9968171936925501
0.7983124256134033
0.9110554158687592
0.8972559198737144
1.1605937331914902
1.1012447625398636
0.8784660324454308
0.8610515296459198
0.926809772849083
0.9487144872546196
0.8083674162626266
0.9775431770831347
0.9039905965328217
1.218551218509674
0.9605546668171883
1.0172545164823532
0.8420320749282837
1.2230507880449295
1.1504114419221878
1.0863942056894302
0.9236355647444725
0.8337326496839523
0.8558546751737595
0.960875540971756
0.7384876608848572
0.848868653178215
0.9567121937870979
0.9909598296508193
0.9588949829339981
0.7625701725482941
1.1653057932853699
0.7740645408630371
1.0201221033930779
0.9747200254350901
1.0203588660806417
1.2529478669166565
1.1264930963516235
1.013215604238212
0.6662783324718475
1.0873485952615738
0.952261283993721
0.8788198083639145
1.121267482638359
0.892353355884552
0.9505570009350777
0.8818370774388313
0.9177266210317612
1.0475737638771534
0.7589632868766785
1.0014165343018249
0.8448174595832825
1.0975183993577957
0.7938015460968018
1.0486145503818989
1.0578941404819489
1.0648163557052612
0.8378067314624786
1.0993119403719902
1.072666011750698
0.9960655099712312
1.1773711591959
1.1893917918205261
1.03567336499691
0.8086632192134857
1.035915743559599
1.0055088032968342
1.0148681560531259
0.5905623435974121
1.083244450390339
1.0182112529873848
1.11515311896801
1.1370369046926498
0.912790946662426
1.0378455631434917
0.8616993874311447
0.7260141968727112
1.0663343891501427
1.080887757241726
0.8908127397298813
1.0025626569986343
1.0795669928193092
1.1915953010320663
1.1447399407625198
1.0761739686131477
0.7994580566883087
0.9188958704471588
0.7934045195579529
1.074354663491249
0.7264070212841034
1.0507688783109188
1.015791293233633
1.1065575331449509
1.0848403796553612
1.1432978361845016
1.0275435019284487
0.9781869277358055
1.0639667809009552
1.1151441931724548
0.9517303444445133
0.9236653223633766
1.0796042308211327
1.1585575491189957
1.1233039498329163
0.9090117439627647
0.9527453891932964
1.073411762714386
1.0399482548236847
0.822688952088356
1.1509440690279007
1.0018628351390362
0.9697323981672525
0.886923186480999
1.1299335211515427
0.7685943841934204
0.8797509670257568
0.9356299713253975
1.1642087996006012
0.8840797618031502
1.2169861942529678
0.9198840782046318
0.9343867972493172
1.0125538697466254
1.0173889491707087
0.8532919585704803
0.9847350968047976
1.0449936278164387
0.9382041245698929
1.0669629722833633
1.1834710389375687
0.9756013508886099
0.9185818806290627
1.0762889310717583
0.8900966644287109
0.513072282075882
0.6337935626506805
0.5578128695487976
0.981457719579339
0.8406723588705063
0.8177368342876434
0.9348357766866684
0.9010881632566452
0.7757149189710617
1.066604383289814
1.0604701153934002
1.0423630326986313
1.1164568811655045
0.9891614159569144
0.8659147471189499
1.04920170083642
0.944021437317133
1.0576851852238178
0.9396248646080494
0.838484987616539
0.9822529293596745
0.8433033674955368
0.6751574873924255
0.9212515279650688
1.0322007089853287
0.8985561579465866
0.8038659989833832
0.520788848400116
1.037925150245428
0.9918872145935893
1.0430901795625687
1.0147538501769304
0.8421444147825241
0.964116282761097
0.9962915775831789
0.9337736740708351
0.8059408664703369
0.843171551823616
0.8639925271272659
1.0321472845971584
1.0402423813939095
0.6817835867404938
1.0227212235331535
0.9707775600254536
0.8164144605398178
1.0257333181798458
0.9547192193567753
1.1286676675081253
0.857376903295517
0.9487025514245033
0.869588702917099
1.0645478069782257
0.8796833530068398
1.1089374125003815
0.7059597969055176
0.9074339717626572
0.8251086175441742
0.9651463180780411
1.2681603133678436
0.9941636710427701
0.9330062791705132
1.1812949031591415
1.052337259054184
0.7060582041740417
0.9960279702208936
1.0379653088748455
1.1220131143927574
0.8612819314002991
0.8335269391536713
0.9964783710893244
1.0884047001600266
0.9991856663837098
0.9912827238440514
0.9338368698954582
0.7406652867794037
1.0016006493242458
1.0425049848854542
0.9506203569471836
1.0833728909492493
0.9482027813792229
0.8805521577596664
0.8224503695964813
0.8884213268756866
0.8543149381875992
1.030691210180521
0.9696228075772524
0.9133610874414444
0.8103989511728287
1.1883556991815567
0.8330459892749786
1.086438164114952
0.9667056053876877
0.9021549671888351
0.8548314422369003
0.9096351340413094
1.1016432493925095
0.9204475283622742
1.0973725467920303
1.0153766814619303
0.9923624671064317
1.0329433418810368
0.8666834682226181
0.9350990429520607
1.0164514742791653
0.8922324255108833
0.9365690425038338
1.0621936805546284
0.8629715740680695
1.2285188436508179
1.0853048861026764
0.9073891714215279
0.8932900875806808
1.0114842914044857
1.139817237854004
1.04179073497653
0.9994004526524805
1.0827509090304375
0.899064376950264
0.9840503931045532
1.0995153188705444
0.9683876596391201
1.1045942157506943
1.0345515757799149
1.0272800736129284
0.9346942529082298
1.2843472361564636
0.807768851518631
0.9998121038079262
0.972064983099699
0.8136145025491714
1.2012639939785004
0.9542333371937275
1.0681565999984741
0.9354961961507797
0.9714085310697556
1.1050705164670944
0.8945860266685486
1.033085361123085
0.7071846425533295
0.9113752841949463
0.7454705536365509
0.9644534252583981
0.9673433303833008
0.9431412480771542
0.8667788356542587
1.0691269636154175
1.0415454618632793
1.1177374050021172
1.1789991408586502
0.9220641031861305
1.1274013817310333
0.9617119804024696
0.8589492589235306
0.9709391426295042
0.8505651950836182
0.7499457597732544
1.026393350213766
0.7830493152141571
1.0338859371840954
1.410830795764923
1.0612658224999905
1.1563791781663895
0.7624251246452332
0.8431939631700516
0.9560874924063683
1.213272362947464
1.1665582805871964
1.0800456553697586
1.0348347499966621
1.230411782860756
0.6681912243366241
0.6472568809986115
1.1838578283786774
0.9572138376533985
0.9397408105432987
1.0595921352505684
1.079785317182541
0.902478352189064
1.1203690096735954
0.8946047648787498
0.9252454489469528
1.191584199666977
0.9311667159199715
0.8823598399758339
1.0125107318162918
0.8234861791133881
1.0692617520689964
1.045362763106823
0.9514404460787773
0.915939211845398
1.0058123446069658
0.8721533566713333
0.9280460029840469
1.0583898201584816
1.033199980854988
0.9296905398368835
0.9542260058224201
1.0200746525079012
0.7215561270713806
1.128502532839775
1.0870639458298683
0.9997714795026695
1.0163874756544828
1.0724379643797874
1.1054160818457603
1.060903962701559
1.0212106872349977
1.139387920498848
0.6427101790904999
0.7990677803754807
0.8376995921134949
1.1721677333116531
1.0840090811252594
1.0094613581895828
1.040937379002571
1.1471429616212845
0.8721503466367722
0.8336587697267532
0.9790224730968475
1.0161967817693949
0.9991686195135117
1.0959237962961197
0.8289762139320374
0.9752265438437462
0.8310186713933945
0.9873254187405109
1.2815222144126892
0.70799320936203
0.9612091518938541
0.9143302887678146
0.986357007175684
0.8460178077220917
0.5786847472190857
0.9434467367827892
1.1514789313077927
1.07369976490736
0.7347018122673035
0.9660347327589989
1.081658586859703
1.1017224937677383
0.9699052348732948
1.1784934550523758
0.9697412550449371
0.7849929183721542
1.0753275901079178
0.9186438843607903
0.9798703212291002
1.1792534291744232
0.9002213105559349
0.8910137265920639
0.9432983510196209
1.1542838215827942
0.7973612397909164
0.9852785998955369
1.1124306544661522
1.027825316414237
0.9697074443101883
0.614144891500473
1.1145633533596992
0.9909143345430493
0.8134588003158569
1.2619014084339142
0.7383880615234375
1.237785518169403
0.9297427833080292
0.8496042191982269
0.8812862187623978
0.9930626731365919
0.8543096631765366
1.2000049501657486
0.8526562601327896
1.1240972802042961
1.0146403647959232
0.9917324911803007
0.9679864048957825
0.9899478303268552
1.0151894316077232
0.8677564859390259
0.9585044011473656
1.1330235302448273
1.2476065307855606
0.9921585135161877
1.0596644878387451
1.0343089662492275
0.8336759358644485
1.0489176586270332
0.910243958234787
0.9074020460247993
1.1118627339601517
0.9286928102374077
0.8260191231966019
1.0387189909815788
0.9479381591081619
0.6854597330093384
0.786882072687149
0.951740276068449
1.1422767639160156
0.9241803586483002
0.9415071345865726
0.9757258947938681
0.953076682984829
1.037084087729454
1.0184808988124132
0.8935410678386688
0.9894915297627449
0.8847114145755768
1.0645766705274582
0.7971050143241882
1.1867247968912125
1.1868460029363632
0.9123162999749184
1.0767693370580673
1.2054015845060349
1.2708357870578766
1.0891438648104668
0.9939037337899208
0.9389692172408104
0.9548989944159985
1.09679564088583
1.0809978321194649
0.6937189996242523
0.9186022877693176
1.0733159855008125
0.8904892131686211
0.803772047162056
1.1437069773674011
0.8151243180036545
0.8032878935337067
0.9717525988817215
0.9903698982670903
1.0162362903356552
1.0618933662772179
0.9490283019840717
1.0127656813710928
1.261675477027893
0.8932866454124451
0.9926153346896172
1.0000193640607904
1.0874626338481903
1.0987411141395569
1.0731598436832428
0.9315173923969269
0.911253996193409
1.280974119901657
0.9001083672046661
0.8286100625991821
1.0383822731673717
0.7664167284965515
0.9385622665286064
0.8826893493533134
0.985768579877913
0.9767292886972427
0.9740364365279675
1.0332737900316715
0.6947916150093079
0.8867945075035095
0.820834219455719
1.3531997799873352
1.083795204758644
1.0660791173577309
1.0837903916835785
1.1213390827178955
1.0570460818707943
1.0210795849561691
1.1255986094474792
0.9627913422882557
0.9794134832918644
0.8210082799196243
0.5846532583236694
0.9707542844116688
1.1120221465826035
1.0456554144620895
1.1625129282474518
0.8637926131486893
0.8826102465391159
0.8857710435986519
1.2021147906780243
0.8851915895938873
0.9530148468911648
0.9540432617068291
0.7246219217777252
1.0796108916401863
0.8490018248558044
0.72672238945961
1.2406176775693893
0.9952441416680813
0.9885031199082732
1.0599937252700329
1.1528995782136917
1.0359112806618214
1.2038698196411133
0.7263549268245697
0.8400654941797256
1.1296569555997849
1.1239065304398537
1.1801509857177734
0.9193702563643456
1.1463533192873
1.0633616000413895
0.8938917592167854
0.9756946060806513
1.0700910687446594
0.8017637133598328
0.9004270881414413
1.0554650202393532
0.9256134256720543
0.662119060754776
0.9044874534010887
0.8046848624944687
1.0663924813270569
0.9216521978378296
0.8502654284238815
1.2189531326293945
1.063596785068512
0.9451763331890106
1.0338253043591976
0.8879278972744942
1.0236504673957825
0.9426238127052784
1.0361085794866085
0.9132914617657661
1.0842476859688759
1.2156302630901337
0.9533259198069572
0.9364634454250336
0.7752404808998108
0.8012966513633728
0.9217287376523018
1.1171296760439873
1.0541986115276814
1.0601862259209156
1.0055062677711248
0.7843596637248993
0.8877917230129242
1.0262082442641258
0.8579909801483154
1.0553032271564007
0.8991046473383904
0.9614684917032719
0.6848951280117035
0.8690523654222488
1.1884219199419022
0.7470800578594208
0.9164019823074341
1.0513262450695038
1.0025098975747824
0.7336272299289703
0.8568854629993439
1.1322476118803024
0.5855353772640228
0.7177908420562744
1.082623541355133
0.6895055174827576
0.9749545212835073
1.1875615268945694
0.8781963512301445
1.120548129081726
0.9212323576211929
0.9956262591294944
0.9147597104310989
1.0125903375446796
0.9294190108776093
0.9874713607132435
0.8822153508663177
0.7468807697296143
0.8967494890093803
0.9751926604658365
0.8745569586753845
0.9545247592031956
1.0794387608766556
0.896954707801342
0.9013993814587593
1.0761027559638023
0.9241235330700874
1.1664602160453796
1.0029162724968046
1.1178287789225578
0.9007346257567406
1.159251868724823
1.1021865755319595
1.1702556759119034
0.9813785403966904
0.866557776927948
0.9488681890070438
0.8144533336162567
1.0292060822248459
0.9796392302960157
1.1475052237510681
1.0102312490344048
0.9734635539352894
1.0404462702572346
0.6138861179351807
0.9459794722497463
1.1714544147253036
1.0639814287424088
0.9299517869949341
0.889642521739006
1.2376918643712997
0.8518150597810745
0.9581424295902252
1.3654949367046356
0.9700616002082825
0.9161844924092293
1.0984518006443977
0.8422077149152756
0.9283369928598404
1.0738289132714272
0.8017452359199524
1.0988849103450775
1.0618259273469448
1.086723431944847
0.8157358914613724
0.8612695932388306
1.0409859605133533
0.9542324729263783
0.875079058110714
0.9283040016889572
0.6576582491397858
1.1584930121898651
1.0447198078036308
0.7885987907648087
1.3035071194171906
1.2085982114076614
1.0607227981090546
1.124351643025875
1.1037692949175835
0.7774922698736191
1.130200520157814
1.0754884779453278
1.0413536205887794
1.1515795588493347
0.9630933254957199
0.8642906248569489
0.9142032414674759
1.1315864473581314
0.8373034745454788
0.9363015815615654
0.8616351932287216
0.8622549176216125
1.0422029122710228
1.1588969677686691
0.9836065359413624
0.8462425619363785
0.6527583301067352
1.0156714655458927
0.9288052394986153
1.0340589806437492
0.659985214471817
0.7753031551837921
1.0303032509982586
0.9027043357491493
0.9215670377016068
0.8337153047323227
0.9475379586219788
1.1809189319610596
0.8542559444904327
1.0774059519171715
0.9186572730541229
0.994121978059411
0.8583956658840179
0.9121779128909111
0.6723063290119171
1.0687817484140396
1.1488030403852463
0.7445928454399109
1.090064376592636
1.0880827009677887
0.675799161195755
0.9269345179200172
0.7093609571456909
0.8493332415819168
1.0259039979428053
1.0685192346572876
1.2316758632659912
0.9243315607309341
1.0074022789485753
1.0903602093458176
0.9396068044006824
1.1346938014030457
0.9598849974572659
1.2150551527738571
1.037414614111185
0.8998123407363892
0.7698114067316055
1.0113463895395398
0.9528767839074135
0.9106152132153511
0.9816388990730047
0.8355697095394135
1.0102906050160527
0.8969595059752464
1.1284735947847366
1.31930673122406
0.9903350882232189
0.9866473414003849
0.8864527344703674
1.053385816514492
1.0484721176326275
1.090558685362339
1.108114592730999
0.953184649348259
0.6907548308372498
1.2324930727481842
0.8055095970630646
0.871021643280983
1.0935935080051422
0.9451246187090874
1.018681826069951
0.905363529920578
0.8515331596136093
1.0353486873209476
0.6364017724990845
0.9820698611438274
0.8813958913087845
0.9102232381701469
0.8701490312814713
1.1338419318199158
0.849928081035614
0.9269183799624443
1.1436543464660645
1.0460527837276459
1.003638249123469
1.1181517541408539
0.9504133276641369
0.9749868120998144
1.0359504595398903
0.7149685025215149
1.0414670072495937
0.9259229227900505
0.9305397868156433
0.8065298944711685
0.930430494248867
1.1665997803211212
0.7510696351528168
0.8424876034259796
1.075901746749878
0.9871563324704766
0.9210387095808983
1.1939559876918793
1.0793873220682144
0.953113030642271
0.8935723826289177
0.8451758921146393
1.065060056746006
0.9341352581977844
1.0121424794197083
0.8630244731903076
1.0676862224936485
1.0662949159741402
1.025165531784296
0.8970743864774704
1.0032016043551266
1.1521561592817307
0.8382527083158493
0.9864733358845115
0.930918388068676
0.9823491089046001
0.9222714826464653
0.8163555562496185
1.1634051501750946
0.7051413655281067
1.0359942764043808
0.9501004107296467
1.3998281359672546
0.9718009624630213
1.0894314125180244
0.749276876449585
1.1593656539916992
1.0228939801454544
0.9608112871646881
0.9117530956864357
0.7597689479589462
1.0749293938279152
1.0624929703772068
0.923007994890213
1.0233620014041662
1.0449064411222935
1.1054558455944061
1.2389440536499023
1.1439096182584763
0.8057454824447632
0.914450041949749
1.0513105802237988
1.0274985283613205
1.2897052466869354
0.8314248323440552
0.9376244693994522
0.9206698536872864
1.1386836916208267
0.7562435120344162
1.4634642601013184
0.6165781021118164
1.0277838446199894
1.0033910311758518
0.681184709072113
1.0281369406729937
1.0340086594223976
1.0371866971254349
1.0052744708955288
0.8416022211313248
0.8764443844556808
0.49370718002319336
0.9546307250857353
0.9375460185110569
1.2157956659793854
0.8741390109062195
0.9972786603029817
0.9076048359274864
0.926325336098671
0.8972508609294891
1.0715492516756058
0.8148047029972076
0.9671228304505348
1.0913595408201218
1.3826565742492676
0.8538394719362259
0.8763235807418823
1.0500960648059845
0.9561280608177185
1.0933097526431084
1.0950939059257507
1.0964790135622025
1.0276000164449215
1.0801035165786743
1.0025732743088156
0.985869619064033
0.9952082256786525
1.090382568538189
1.0861078202724457
0.8890376538038254
0.9777069129049778
0.8587557971477509
0.8470250517129898
1.15630342066288
1.12533999979496
0.8737186789512634
1.0174947082996368
1.0205961242318153
0.8760329410433769
1.0540593229234219
0.9638420194387436
0.8371630311012268
0.8647517710924149
0.8779588937759399
0.9614605605602264
1.0373498797416687
1.0966302827000618
0.6134703159332275
1.0678772553801537
1.0067160879261792
1.0852557122707367
0.8987840339541435
0.9252642095088959
1.173289030790329
0.9509125761687756
0.904546931385994
1.098387785255909
0.9287683889269829
1.1573746651411057
0.9357113689184189
0.9863424934446812
1.0612668544054031
1.0038618152029812
1.0832666009664536
0.9098721072077751
1.0861110240221024
0.9693347755819559
0.9326731786131859
0.9690296296030283
0.8990812674164772
1.002210574457422
1.1210964247584343
0.8798041194677353
1.1663580387830734
0.9392444305121899
1.0368741862475872
0.9275656417012215
0.8514852225780487
0.8021672368049622
0.9210461899638176
0.9626156315207481
0.9668065458536148
0.9519730769097805
1.1744699478149414
1.0796139016747475
1.1705797463655472
0.932736910879612
0.9285942539572716
0.9880763245746493
0.9891109950840473
1.0408975705504417
1.0221930611878633
0.8907483220100403
1.0145919099450111
0.8898633420467377
1.1042819321155548
1.1012043356895447
0.9719182644039392
0.9607990831136703
0.9204352647066116
0.9722417518496513
0.9280703067779541
1.1717136204242706
1.014278263784945
1.0750376880168915
0.9744570832699537
0.85484978556633
0.8399007767438889
1.0332659147679806
1.217334270477295
0.8964021131396294
1.0052304924465716
0.8430984765291214
0.8224965631961823
0.7925817370414734
0.8580839782953262
0.9871198199689388
1.2122188955545425
0.8216932713985443
1.0583640411496162
0.9698715098202229
0.9141439646482468
1.147242709994316
0.893100418150425
1.2457352876663208
0.9944886509329081
1.0562027767300606
0.8526044487953186
1.091122254729271
1.235709011554718
0.9743949715048075
1.12274968624115
0.8675662130117416
1.0663739517331123
1.2443879544734955
0.7857320159673691
0.8826138973236084
1.2000053524971008
0.87236388027668
1.0413981452584267
0.964420635253191
0.9298295602202415
1.0327465683221817
0.8271797746419907
0.9798421058803797
0.9159643426537514
1.0646208673715591
0.9126705750823021
1.2070928364992142
0.9349400475621223
0.8913889229297638
0.9132294654846191
1.1815218031406403
0.939954798668623
1.1557477861642838
0.9988424851326272
1.0298667568713427
1.2948502004146576
1.0861792638897896
1.15924172103405
1.1313600987195969
0.9527165815234184
0.8392121642827988
1.2120196670293808
1.1901674270629883
0.8385515511035919
1.1378441601991653
1.0563983023166656
1.0032276399433613
1.052718911319971
0.9029980897903442
1.0430461913347244
1.1516873240470886
1.009696147404611
0.6360124349594116
1.0161928553134203
1.0147310942411423
1.2691356241703033
0.9916507303714752
1.2223029285669327
1.0166647098958492
1.2254255414009094
0.904094859957695
1.0376480743288994
0.8059951961040497
1.225760504603386
0.6754699945449829
1.1454279273748398
1.0112149836495519
1.0062711765058339
0.9999206066131592
1.0735404640436172
1.2623359262943268
1.1393322944641113
0.9429764896631241
0.8235431164503098
1.061264906078577
1.0793543010950089
1.0003167707764078
1.0987204611301422
1.0669280216097832
1.1266487389802933
1.029323399066925
0.9574321806430817
1.0360157899558544
0.6491262316703796
1.0648734346032143
0.7253093719482422
0.9167425557971001
0.9917545197531581
0.9382102303206921
1.0826387107372284
0.8856940716505051
0.9589492939412594
1.0549733899533749
1.1249364241957664
1.1803327351808548
0.9527810551226139
1.0750509351491928
0.9764156267046928
0.7883743941783905
1.0851446241140366
0.9970010255929083
0.71614670753479
1.1290528774261475
1.081500880420208
0.8282819390296936
1.0883295685052872
0.9676397778093815
1.1041501760482788
1.0424085035920143
1.2436581403017044
0.83158278465271
1.0553204417228699
0.9877772722393274
0.984028423205018
0.8994590938091278
1.1231674328446388
0.9065802469849586
1.03824682533741
0.8822892233729362
0.7984781414270401
0.9364167004823685
0.6725957691669464
1.05974979698658
0.8414106965065002
0.8484987318515778
1.007283415645361
1.0530476570129395
0.8449415266513824
0.9639309644699097
1.0052724070847034
1.1356903165578842
1.0116645023226738
0.9339454546570778
0.8915010392665863
0.9536505974829197
1.0248840674757957
0.9323352351784706
1.0374941751360893
0.8700116276741028
0.9943463667295873
0.8338964432477951
1.038978923112154
1.0308904685080051
1.0529059246182442
1.06252720952034
1.039347406476736
0.9277616739273071
1.2228893488645554
1.1437133252620697
0.9007301926612854
0.8385664373636246
0.882115051150322
1.2337511479854584
0.843261256814003
1.2096286714076996
1.0709893703460693
0.9434698112308979
1.0844786316156387
0.868177056312561
1.0356402024626732
0.7207905352115631
0.5874110162258148
0.7661856412887573
0.9385919868946075
0.909822478890419
1.0712833479046822
0.8711682707071304
1.1854251623153687
0.8402368426322937
0.8834842965006828
0.8856202065944672
0.7979792654514313
0.963278342038393
1.006170891225338
1.0052656386978924
1.065329022705555
1.0309802256524563
0.8806853890419006
1.060190875083208
0.9858166379854083
0.9681322537362576
0.9326071664690971
0.957036979496479
0.9695351980626583
0.7394301891326904
1.0237482264637947
1.0735973119735718
1.2234445214271545
0.8627263754606247
0.9822963140904903
1.025268567726016
0.7423271536827087
0.9793366491794586
1.0991944149136543
1.089860014617443
1.0251483228057623
0.9883403070271015
1.0746975243091583
1.0604007542133331
1.0524014309048653
0.9229874908924103
1.0404865071177483
1.163761168718338
0.7924667000770569
0.7113037705421448
0.9213064461946487
0.8903648480772972
0.8046444356441498
0.915483720600605
0.9600062519311905
1.2683932185173035
1.160269558429718
1.139456793665886
1.1221149414777756
1.0515250265598297
0.8607468008995056
1.2111431062221527
1.2461317777633667
0.991323821246624
0.9792357198894024
1.1102841049432755
1.1829026192426682
1.0516141019761562
1.0405884087085724
0.7920511215925217
0.8644130975008011
0.8635234236717224
0.9973143115639687
0.9133690968155861
0.5966556668281555
1.0161740481853485
1.1045576184988022
1.1497157216072083
0.943555012345314
1.1430469900369644
1.1491573601961136
0.979950375854969
1.1808586120605469
1.0219869371503592
0.8296462148427963
0.8369858264923096
0.9544214867055416
0.8775094151496887
0.8002825230360031
1.263853371143341
0.8262695968151093
0.9940491034649312
1.0448145642876625
0.8963719606399536
0.8235229551792145
0.8995120450854301
0.7088194489479065
0.9979318322148174
1.0266397967934608
0.8919145241379738
0.841440960764885
0.9649361856281757
1.1692703515291214
1.1045623496174812
1.109579250216484
0.9033082500100136
1.0860402882099152
0.9663822464644909
1.0413509532809258
1.104671835899353
0.9821196142584085
1.1293779909610748
0.9482021480798721
1.129335269331932
1.2438222616910934
0.9894751012325287
0.9022461399435997
0.7517023533582687
0.939292524009943
0.9610788784921169
1.1592924296855927
1.1978947967290878
0.9211941882967949
0.8617627024650574
0.875541940331459
1.0293313972651958
0.9282493442296982
0.9241998717188835
1.072534665465355
0.7751681804656982
1.0872111469507217
0.9722075071185827
0.8818405717611313
0.97782645188272
0.8430736362934113
0.8567659705877304
0.867938831448555
0.9397184140980244
0.4771435856819153
1.0255730208009481
0.7563740611076355
0.6440536677837372
1.0482017137110233
0.9280127435922623
0.8906363919377327
0.8274121284484863
0.8090583980083466
1.1779334992170334
0.9682792313396931
1.125975713133812
1.098445437848568
0.9532541483640671
0.6357362866401672
1.0037607888225466
1.1970543563365936
0.8471581637859344
0.8881934583187103
0.9268201589584351
1.085318699479103
0.9964100010693073
1.0241224244236946
1.1829634457826614
0.7558751404285431
0.8751376867294312
1.0142778251320124
0.935411237180233
0.9882566798478365
0.9370381012558937
1.1780638992786407
0.9663076177239418
0.9233647584915161
0.9071493744850159
1.033119473606348
0.9318753853440285
1.1406921595335007
1.1707224547863007
0.9158721417188644
0.9231731072068214
0.970771312713623
0.5402247607707977
1.2859757542610168
1.1191471219062805
0.9144871607422829
0.7524917423725128
1.0713983699679375
0.8728161454200745
1.137825295329094
0.996505731716752
0.8128816783428192
1.1262684911489487
0.8580029159784317
0.8685068488121033
1.1887879967689514
1.0369254015386105
1.3382665514945984
1.16139417886734
1.1308778077363968
1.1809902489185333
1.1163610219955444
0.8664485365152359
0.8096760660409927
0.7898426353931427
1.017548704519868
0.8718893826007843
0.7256850898265839
1.081436887383461
1.0899768993258476
0.9930214770138264
0.9727788958698511
0.9486773908138275
1.074606254696846
1.0894065126776695
1.152630940079689
0.9618061371147633
1.2530783712863922
0.8533512055873871
0.8802387043833733
0.8662036061286926
0.9521330669522285
1.1107584312558174
0.8787325471639633
0.9896055161952972
1.153008833527565
1.201861247420311
1.0441920645534992
0.8899531960487366
0.8855684250593185
0.9031783044338226
1.029141053557396
0.8092186152935028
0.7987040877342224
0.9205128028988838
0.7586321979761124
0.822683185338974
0.9200503975152969
0.6929923295974731
0.9265604391694069
0.9114956110715866
1.0452925898134708
0.9918250339105725
0.9800381623208523
0.8975672572851181
1.0761063620448112
0.9997956044971943
0.8918064385652542
0.7310014069080353
1.1097012236714363
0.9679181724786758
0.9683843664824963
0.9777884539216757
0.9185749366879463
0.8660402297973633
1.1555367857217789
0.7429757416248322
0.8184188455343246
0.861464187502861
0.8960289731621742
1.324482500553131
1.0575299486517906
0.8742443472146988
1.0710609257221222
1.057405285537243
0.9953802712261677
1.0868197828531265
1.1496314406394958
0.8130168914794922
1.0286458060145378
1.162629172205925
1.2086685597896576
0.8791513293981552
0.8307302594184875
1.0135846175253391
0.8249965906143188
1.017634330317378
0.9357426762580872
0.9668536633253098
1.0402809008955956
0.8774343430995941
1.0316956862807274
0.7895013689994812
0.9041230529546738
1.2448546290397644
0.7605210840702057
0.8916721791028976
1.036728322505951
0.7320805191993713
0.8378660678863525
1.1711896359920502
0.9638793952763081
1.0349007621407509
0.6755648851394653
0.7501352876424789
1.061434831470251
0.9462544396519661
0.7791583836078644
0.8748149275779724
1.108753688633442
0.9659831151366234
0.7637820392847061
1.0466289333999157
0.9575441256165504
0.7682464718818665
0.9531953260302544
0.8081676661968231
1.250790536403656
1.1282144784927368
0.9367028027772903
0.8436301350593567
0.8410522937774658
0.8491239994764328
1.235681802034378
0.66157466173172
0.9748068042099476
0.9448040276765823
1.035374864935875
0.8526988923549652
0.9385762847959995
0.9658582545816898
0.9863818166777492
0.8630150109529495
0.8165262341499329
1.1213116198778152
0.9362597391009331
0.8210734724998474
1.076052226126194
0.6402395963668823
0.8635708838701248
0.8115051686763763
0.9031893238425255
0.9314160645008087
1.077377811074257
1.075315460562706
0.9188508242368698
0.8896757215261459
0.8735830038785934
0.869233027100563
1.127048447728157
0.8196456879377365
1.067007653415203
1.2688027322292328
1.1358502954244614
0.8455272912979126
0.9592796117067337
0.8906804695725441
0.8166106045246124
1.0827902257442474
0.7834296971559525
0.9549368359148502
0.9526494741439819
1.072493590414524
0.6489658951759338
1.0139039233326912
1.0459150671958923
1.1050486117601395
0.9515209123492241
0.9542604871094227
1.0196639951318502
0.919358104467392
1.0855837687849998
1.0350905917584896
1.0263268053531647
0.9593805186450481
0.9938937718980014
1.0854754522442818
0.8951647505164146
1.0482521913945675
1.1076748222112656
0.8822157829999924
1.0532308779656887
0.9107099622488022
0.9018771201372147
1.1141184717416763
1.0258496925234795
0.9840809907764196
1.0255516711622477
1.0958202332258224
0.8281473815441132
1.1949156373739243
0.9673525765538216
0.9281844720244408
1.1243678331375122
0.8220764100551605
0.8808996751904488
1.0207847077399492
0.9520714282989502
0.9750711731612682
1.0705066546797752
0.8878860622644424
1.0871674865484238
1.0242417193949223
1.056283537298441
0.9389837570488453
0.8650932908058167
1.0074853845871985
1.1137369945645332
0.9435254298150539
0.958151139318943
1.024442333728075
0.7641176283359528
1.257186233997345
1.1335132867097855
0.77381531894207
0.9539442248642445
0.9923830605112016
1.1653865575790405
0.870364710688591
0.877415731549263
1.2485556304454803
1.118105947971344
0.702254593372345
1.0853251591324806
0.6481934785842896
0.8460239171981812
0.999593660235405
0.9641384184360504
0.8765052855014801
1.041104819625616
0.8666690737009048
0.8824589177966118
1.1325205564498901
1.2295875549316406
0.44429707527160645
0.8028490245342255
0.9822482448071241
1.1173914968967438
0.8940119966864586
0.9990819898666814
0.8265753537416458
0.9219125136733055
0.8990322723984718
1.0370032973587513
1.0295664630830288
0.9906155914068222
0.8241885602474213
1.0747826993465424
1.0492501370608807
1.0891257673501968
1.2645370960235596
0.8158947378396988
0.9053746908903122
0.8748775571584702
1.1541982293128967
1.0041054566390812
1.1875954121351242
0.9989961143583059
0.7817001789808273
0.8822338879108429
0.9210332781076431
0.8827197253704071
0.9459668174386024
1.041361264884472
1.0505955331027508
1.1735050529241562
0.8134828507900238
0.9808505233377218
1.2169957160949707
0.9427074939012527
0.7729676067829132
1.1116141378879547
1.125130072236061
0.7025370001792908
1.229796290397644
1.0725798085331917
0.9433969035744667
1.0647925809025764
1.0217162631452084
1.0945730805397034
1.1111209988594055
1.0538821518421173
1.0476492419838905
0.8859355077147484
1.0701736509799957
0.7501939386129379
1.1087170168757439
0.8811671286821365
1.0262747425585985
1.0700597986578941
1.0439548641443253
0.9264415204524994
1.1437348127365112
0.9305304288864136
0.9765833988785744
1.0575342252850533
1.111386016011238
0.8504008501768112
1.1466272920370102
0.9948157737962902
1.1010126173496246
1.0363069251179695
0.824056938290596
1.0231768693774939
0.8175004869699478
0.6769834160804749
0.7764695584774017
1.0205292254686356
0.9190749898552895
0.9536149315536022
0.9498166032135487
1.0779502540826797
1.034260332584381
0.90252935141325
1.051666621118784
1.0590383745729923
1.1978171914815903
0.9916681488975883
0.8734224140644073
1.0408143736422062
0.7462860643863678
0.7753764986991882
0.8596207052469254
1.0224746651947498
0.9250123873353004
1.0593155696988106
0.8229442685842514
0.8141948282718658
1.0179636795073748
0.7061026990413666
0.745204746723175
0.9636039137840271
1.1088001877069473
0.8836064785718918
0.8413700014352798
0.9130119830369949
0.7543691396713257
1.0819070786237717
1.0863029807806015
1.0856498628854752
0.989280954003334
0.7361271977424622
0.9829047564417124
0.8027149587869644
0.9658582434058189
1.0078314766287804
0.9433064423501492
0.9901099940761924
1.0288568902760744
1.0434683561325073
0.9557665139436722
1.1039168909192085
1.007662769407034
0.8385006487369537
0.9710810445249081
0.8371120393276215
1.1388156712055206
0.9828031733632088
1.033246785402298
0.8192134350538254
0.9219533652067184
1.027496337890625
0.941267617046833
0.7769008129835129
1.0845240280032158
0.9255367144942284
0.9543037191033363
1.148284301161766
1.1619543135166168
0.9870905503630638
1.0473701804876328
1.0039476905949414
1.0938283279538155
1.031446099281311
0.9595683813095093
1.2348846644163132
0.9814940616488457
0.7293007373809814
0.9597854129970074
0.8722067177295685
1.0122279860079288
1.0008616820559837
0.9179242923855782
0.9280980303883553
0.7966780215501785
0.7261762320995331
0.8697526305913925
0.9325303062796593
1.0935909003019333
0.910004049539566
0.9840143248438835
1.2397402822971344
0.7549374550580978
0.8660382926464081
1.1071248948574066
0.9836489632725716
1.0348539873957634
0.9616660848259926
1.2243191003799438
0.9957881229929626
0.8645756095647812
1.1305781453847885
0.8653884530067444
0.88197111338377
1.1655630320310593
1.0015548169612885
1.034486785531044
0.9020799025893211
0.7802163064479828
1.0311980545520782
1.0834832340478897
1.0695395693182945
1.0777373686432838
1.0923045948147774
0.805451899766922
0.9940147660672665
0.9371990635991096
0.8952881991863251
1.1017555817961693
1.099520966410637
0.8998726904392242
1.0593878775835037
1.0145039185881615
0.7710810154676437
0.9640824384987354
0.6896901726722717
1.0355026945471764
0.8617155104875565
0.7352675497531891
0.9094593897461891
0.920551247894764
1.0729194357991219
0.9542354457080364
1.2584016025066376
0.932776466012001
0.7645961493253708
0.9347263276576996
1.0692883804440498
0.9551787823438644
1.0446871556341648
1.1463469415903091
1.1289167404174805
0.9177348017692566
0.8894543871283531
0.9999714940768172
1.2240545004606247
0.969832681119442
1.0626373961567879
1.2121155858039856
0.8768316581845284
0.8330107480287552
0.8172775059938431
0.8933438807725906
1.0642457976937294
0.9076830223202705
0.999719772458775
0.889392763376236
1.031748440116644
0.8939749002456665
1.0770101845264435
0.8981291800737381
0.8956566676497459
1.147665336728096
1.0602939650416374
0.977997338399291
1.0539734102785587
0.9919177005067468
1.069553405046463
0.9269058927893639
0.9991610944271088
1.244030401110649
0.7976415455341339
1.209019809961319
1.0383359864354134
1.0406044535338879
0.9160022437572479
1.041254036128521
1.0180734544992447
0.8762186542153358
1.1490557491779327
1.1199831813573837
0.8534632176160812
0.9901489056646824
1.061377789825201
1.0667409151792526
0.9789133220911026
0.8921931385993958
1.0335248857736588
1.114782877266407
1.239905446767807
1.2576891481876373
1.1290561705827713
0.9253437519073486
0.9544215127825737
0.8261046707630157
1.0343250706791878
1.0917180106043816
0.9828998781740665
0.8806710541248322
0.8300052881240845
0.7764514088630676
1.0843531340360641
0.8978225067257881
1.161606952548027
1.0716159492731094
1.0446849688887596
1.0295001864433289
0.8831051290035248
0.9728675503283739
1.0108590312302113
1.0484194159507751
1.096724420785904
1.0971849262714386
0.953218724578619
0.7872106581926346
0.9272308424115181
0.806221529841423
1.13016976416111
1.0864103808999062
1.136884406208992
0.9639603830873966
0.8525637239217758
1.3144488632678986
0.9963637199252844
1.1577408611774445
0.9319099709391594
1.0533754378557205
0.6324740052223206
1.0643603205680847
1.1031634956598282
0.7982698529958725
1.0286164954304695
1.0688068568706512
0.9230934157967567
0.8276107460260391
0.8720357120037079
0.9207479357719421
1.0359524749219418
1.0558122359216213
1.1008447110652924
1.130439966917038
1.0096947932615876
1.0904589295387268
0.9391883723437786
1.0586178451776505
1.0192615911364555
1.0112221091985703
1.045521143823862
0.9324397966265678
0.9268029555678368
1.0188287403434515
0.8310055732727051
0.990362205542624
0.9525864124298096
0.9659204892814159
1.3329285383224487
0.907200463116169
1.0887479707598686
0.9030568599700928
0.9121227264404297
1.0594598054885864
0.8929767981171608
0.9086136743426323
1.035666462033987
1.1454578191041946
1.006427001208067
1.1646263152360916
1.0904893279075623
1.0531767830252647
1.113884560763836
1.1479892432689667
0.9472354613244534
0.8845624625682831
0.9610054939985275
1.0532011650502682
1.0003570616536308
1.1420690417289734
1.1762441396713257
0.9695049226284027
1.0328786969184875
0.8315431326627731
1.0770700052380562
1.1109824478626251
1.0927428752183914
1.0478848814964294
0.650024026632309
0.8935669660568237
1.1067419797182083
0.7861605584621429
1.2672237753868103
0.8821971341967583
0.7273046672344208
1.002282366156578
0.5363701283931732
0.7312667071819305
1.0039538075216115
1.189460650086403
1.0373769365251064
0.774415522813797
1.0052932128310204
1.0943950191140175
0.9450448267161846
0.7743192315101624
1.0295198410749435
0.7921334654092789
0.9034820348024368
0.9494354240596294
0.9882807852700353
1.1417889446020126
1.0720481276512146
0.8825519755482674
0.9350474774837494
0.864939421415329
0.8883523046970367
1.1411719024181366
1.0013948306441307
1.0493408404290676
0.6878462135791779
0.609778881072998
0.8442883491516113
1.0483587197959423
0.7982847988605499
1.388605684041977
1.1057484596967697
1.0730277374386787
0.7580782920122147
0.8078408986330032
1.0718618333339691
0.9101065918803215
0.9401490092277527
1.0534315817058086
0.9179126471281052
0.9670355580747128
0.8544466346502304
1.0075181610882282
1.0337313748896122
0.9723432771861553
0.9996134461835027
1.0053451680578291
0.8096893131732941
0.9689027592539787
0.9986068493453786
0.7873034626245499
1.100876048207283
0.9590584114193916
1.0739840790629387
0.933876246213913
0.6369641423225403
0.8344661891460419
0.9684391245245934
0.9149573743343353
1.0719810724258423
0.8927202522754669
0.9541243277490139
1.1981115639209747
1.045646071434021
1.00756472395733
0.8139999359846115
0.9846362359821796
1.1277387291193008
0.9918836914002895
1.2024070918560028
0.8564003556966782
0.8467799127101898
1.1282316744327545
1.1420514285564423
0.541552722454071
0.9047582745552063
0.8996958881616592
0.9808071702718735
0.9469014294445515
1.1129154711961746
0.8122943937778473
0.924649640917778
0.8563855290412903
1.0614949762821198
0.9925474054180086
0.7225236296653748
0.902674712240696
0.6718504726886749
1.0893422812223434
0.9301534071564674
0.9794473461806774
1.0102492338046432
0.8221677541732788
0.9612446650862694
0.8844319209456444
1.1052054464817047
0.9550661742687225
0.936689667403698
0.9375185705721378
0.9761712700128555
0.7214021384716034
1.0251026060432196
0.9910224266350269
0.4996618628501892
0.94466457888484
1.0295539572834969
0.8936789259314537
1.0681945607066154
0.9638884142041206
1.095193326473236
0.7951011657714844
1.071980282664299
1.0035115112550557
0.921714574098587
0.8449453413486481
0.895594447851181
0.7748235613107681
0.8492550551891327
0.7146302163600922
0.9083887487649918
0.8386116623878479
0.8577334433794022
0.9075952544808388
0.8120748698711395
0.7527782022953033
1.0694659799337387
1.1773201525211334
1.0530834197998047
1.0261836629360914
1.026845395565033
0.9879501750692725
0.8851748183369637
1.1970536559820175
1.0287616178393364
1.153329849243164
1.0157091934233904
1.2100439667701721
0.8485233336687088
1.1170107275247574
0.9177383333444595
1.0233461260795593
0.8998605757951736
0.8088532090187073
1.0486617609858513
0.6776732206344604
0.9723214562982321
0.9560001529753208
1.0158180017024279
1.1123850345611572
1.1852127462625504
0.9957875548861921
1.1011600345373154
0.9936031079851091
1.015517821535468
0.7734967917203903
1.0198239162564278
0.9430128484964371
0.9490434639155865
0.9716347847133875
0.7666932344436646
0.9354842901229858
1.1055303812026978
0.9888608967885375
0.9619635529816151
0.8538255393505096
0.8844344094395638
1.1780670881271362
0.9541065283119678
0.9446413964033127
1.0820191875100136
0.8748709410429001
0.9212503358721733
1.0854217857122421
1.0483468361198902
1.1664734482765198
0.9713447596877813
1.0114188455045223
1.1104642152786255
0.8932534158229828
0.9030745178461075
0.8942720517516136
0.9169926866889
0.947483379393816
0.9735438711941242
1.038910798728466
0.6068655848503113
1.0753650963306427
1.0655162706971169
0.986861172132194
0.7877109497785568
1.1843533366918564
1.0248439125716686
1.016757994890213
1.1317245215177536
0.610767662525177
1.0638555809855461
0.8288955092430115
0.7845564782619476
0.9607610888779163
0.8939501047134399
0.9354779198765755
0.952957633882761
1.1014843434095383
0.9562583416700363
0.9606321305036545
0.9846369838342071
1.2239718735218048
1.0947741866111755
1.0014367774128914
1.0284685268998146
0.9011726453900337
0.7151001691818237
1.1869606673717499
1.1721510589122772
1.0585852153599262
0.9857513047754765
0.935089498758316
0.8724693357944489
0.9883152088150382
0.935581773519516
1.0420606918632984
1.015118888579309
1.1526794135570526
1.218865767121315
0.938384935259819
1.225084364414215
1.0154476165771484
1.0431935712695122
0.9715987183153629
0.8834007382392883
0.7368151247501373
1.0979994386434555
0.9931792500428855
0.8441268503665924
0.7529900372028351
0.9556853994727135
1.0487818010151386
1.0146607421338558
1.03854101896286
1.1202593371272087
0.7983332127332687
1.0641429051756859
1.0223359875380993
1.2171508967876434
0.7029023766517639
0.8793027028441429
1.1857685893774033
0.8125762492418289
1.2500969469547272
0.87425197660923
1.1204615533351898
1.1315940469503403
1.152861014008522
0.8801824077963829
0.8305157870054245
1.0089102685451508
1.1853761672973633
0.815706267952919
1.2833193838596344
1.0109681747853756
1.1436858624219894
0.9926890321075916
0.9224647879600525
0.9315753653645515
1.0139001607894897
0.9348579794168472
0.746669590473175
0.7741174101829529
1.131858080625534
1.0135232517495751
1.0295993834733963
0.9477546364068985
0.8524547666311264
0.9495115056633949
1.02704724855721
1.1576373279094696
1.1318972557783127
0.8028345704078674
0.9517190307378769
1.022043401375413
1.0793335139751434
0.9440832585096359
0.928798034787178
0.6295948624610901
0.9160020723938942
0.9334234148263931
0.9598915949463844
0.9311752542853355
0.9100653752684593
0.924090564250946
1.1005921512842178
0.8779732882976532
0.9951639394275844
0.9949958748184144
1.0468963980674744
0.7563536912202835
1.0243533924221992
1.0565580986440182
1.1895132213830948
1.0488698333501816
0.9456574507057667
1.0618715584278107
0.9270099997520447
0.9871197724714875
1.0522126406431198
1.1271235793828964
1.118827536702156
0.942624356597662
0.8573093861341476
0.8081905096769333
0.9397249184548855
0.9297763556241989
0.9425076432526112
0.9850855115801096
1.072690673172474
1.1494802236557007
0.915998563170433
0.9963753186166286
0.9189228340983391
1.1357826739549637
0.9701362736523151
1.2924027144908905
0.7739288806915283
0.9055124968290329
0.8005753606557846
0.9737909287214279
1.1144317165017128
1.0172781366854906
0.9182304292917252
0.7755721360445023
1.005069273058325
1.0372223109006882
0.7802899926900864
0.9924008473753929
1.0064536947757006
1.1293732970952988
0.9078826084733009
1.0912664234638214
0.9355904832482338
0.996592927724123
0.9523501917719841
0.64910489320755
1.0161810908466578
1.1764660626649857
0.9590855613350868
1.0433674231171608
1.0831461176276207
0.9923426881432533
1.2461674511432648
1.08278688788414
1.2324732095003128
0.8283577859401703
1.1542457193136215
1.069974884390831
0.8856627866625786
0.7254528701305389
1.1157204508781433
1.032392330467701
0.6021499037742615
0.9950213427655399
0.9675741344690323
0.9309217408299446
1.200857788324356
0.9467373751103878
0.9641369767487049
0.8954636082053185
0.9702401757240295
1.0840875878930092
1.178969293832779
1.0766888335347176
0.8195836246013641
1.044537715613842
0.6997357308864594
1.0292416792362928
1.0837861523032188
0.8072770237922668
0.9713614676147699
1.092829942703247
0.9127785861492157
1.1283107995986938
1.07603120803833
0.9189906567335129
1.0735996663570404
1.043120626360178
1.0760996714234352
0.7998654842376709
0.8334463238716125
0.8168120980262756
0.9824326038360596
1.0475509576499462
0.9984751445008442
1.0364343523979187
0.9757704921066761
1.0754950270056725
0.9992949608131312
1.0334668904542923
0.9892891449853778
1.0802207216620445
1.1899168491363525
0.7771096676588058
1.0880674123764038
0.8519984036684036
0.8891094997525215
0.847418412566185
1.137620449066162
1.0001063235176844
1.1723198890686035
1.1079399436712265
1.03646931797266
0.9650777950882912
1.1582538038492203
0.9348214268684387
0.9421145096421242
1.092155784368515
0.7387535572052002
0.8195866197347641
0.9069434180855751
1.0316143482923508
0.8938784226775169
0.9617511034011841
0.6818433701992035
0.9739288371056318
0.9328242391347885
0.9519163370132446
1.0811564102768898
0.6970033645629883
0.9050861597061157
1.0899527296423912
0.6819508075714111
1.1029506400227547
1.0550314635038376
0.9617521464824677
1.047615185379982
0.7884199470281601
1.0758611634373665
0.9292211905121803
1.0191111974418163
1.0308519378304482
0.9289420247077942
0.9303501397371292
0.8715565651655197
0.8846723735332489
0.6323707103729248
0.8886553645133972
0.916521854698658
1.0506314262747765
1.1330768018960953
0.8682882785797119
0.8905058950185776
1.0541933476924896
0.851910263299942
1.0391235388815403
1.0321329049766064
1.0008562207221985
0.898915559053421
0.9937120713293552
1.2631123960018158
1.018103089183569
1.2420451492071152
0.9117934554815292
1.1496406346559525
1.1008920446038246
0.9224484488368034
1.2473516315221786
0.9042956233024597
1.2199920266866684
0.9732991885393858
1.2492374628782272
0.9786100592464209
1.028179606422782
0.8482439517974854
1.005633092019707
0.7918033450841904
0.9859480150043964
0.7863494455814362
0.9357568621635437
0.7002496421337128
1.1944986879825592
1.163742944598198
1.215666875243187
1.1457406282424927
0.9713912513107061
0.774430051445961
0.967706385999918
0.753886491060257
0.7279855906963348
1.184837967157364
0.9336652234196663
0.9169120341539383
1.308073729276657
0.7815742194652557
0.9597389101982117
0.9208527952432632
0.8421534299850464
0.9111036360263824
0.9746913202106953
0.8541571348905563
1.1434530168771744
0.8892764747142792
0.7842781692743301
1.011418890208006
0.8397706598043442
1.0947614759206772
1.1402297466993332
0.8308326303958893
0.9866206049919128
1.0335913300514221
1.3142060041427612
0.8541020452976227
1.1281151473522186
0.9601799957454205
0.8306171298027039
1.1743588596582413
0.646159827709198
0.8983000591397285
0.78909632563591
0.7443784475326538
0.8863923624157906
1.1528899520635605
1.0065682982094586
1.1006982028484344
1.2041041404008865
0.9349731579422951
1.223863646388054
1.076711766421795
0.8254939615726471
1.0446699671447277
0.962107989937067
1.0249087139964104
0.8711363524198532
1.2474294751882553
1.0719800293445587
1.1308708786964417
1.0752516463398933
1.0937587469816208
1.1800560653209686
0.7188595533370972
0.7310755550861359
0.9143447726964951
1.1159960702061653
1.0762453153729439
1.1939047276973724
1.0365607850253582
0.8631652593612671
1.0574345849454403
1.138993814587593
0.9827463701367378
0.6325214505195618
0.8730657398700714
1.0894828736782074
0.85600346326828
1.0750009715557098
0.9559597633779049
0.8321697860956192
1.2042865604162216
0.8586276322603226
0.8640376776456833
0.7208708226680756
0.9237785935401917
0.8932483941316605
0.8826926872134209
0.944254569709301
0.8353857398033142
0.8180864453315735
0.8103442639112473
0.9434481151401997
0.9398196190595627
1.0699076056480408
0.8684160560369492
0.9950367044657469
0.9610134661197662
1.1982579082250595
1.018721304833889
1.1195515096187592
1.0994423404335976
1.1363568007946014
0.9326489344239235
0.9396204091608524
1.0194919630885124
0.9317455142736435
0.9613202288746834
1.0018117344006896
0.9422857686877251
0.9359827190637589
1.1610832214355469
0.8770734667778015
0.9011322855949402
1.188981831073761
1.0122128371149302
0.8482562005519867
1.0236090794205666
0.8717342019081116
0.9495035149157047
0.9110812991857529
1.1599127799272537
1.0220528058707714
0.7988953441381454
1.0736216977238655
0.8845896273851395
0.9236143752932549
1.0737524777650833
0.9693601336330175
1.0084179248660803
1.0494432523846626
0.7600582093000412
0.8594033420085907
0.8362714797258377
0.7675812244415283
1.0570250749588013
0.9147226959466934
0.7968507558107376
0.9323796480894089
1.039498869329691
1.1930207312107086
1.0366297252476215
0.9343549832701683
0.7955341786146164
0.9520078040659428
1.026711866259575
1.045583937317133
1.0400444641709328
1.0894829034805298
0.9079920873045921
0.9437420330941677
0.9209184870123863
0.9879367351531982
0.9431087002158165
1.1057032719254494
0.7653930336236954
1.1296722441911697
0.8570746332406998
1.055890366435051
0.7405458390712738
1.1498386859893799
1.0625811219215393
0.9667617902159691
0.8743488937616348
