0.8729259818792343
0.9539427869021893
0.9641159363090992
1.19685198366642
0.6506079733371735
0.9307908713817596
1.0317273251712322
0.8173609524965286
0.995722733438015
1.0138631770387292
1.0666755586862564
1.0682954266667366
0.6733731627464294
1.0159572381526232
1.0384332910180092
0.9579324200749397
1.0197178162634373
0.9370508268475533
1.245360106229782
1.1015640050172806
0.866213321685791
1.228560522198677
1.1158219501376152
1.2367650121450424
0.8806003257632256
0.894245870411396
1.1408005356788635
1.047370109707117
1.0293617192655802
1.1220951825380325
1.1778361201286316
1.0346219837665558
0.9644688479602337
0.8252658545970917
1.0083342343568802
0.9294910952448845
0.8630657494068146
0.8628998249769211
0.842064619064331
1.011475034058094
0.8323900103569031
0.8485833257436752
1.0480571873486042
1.0307650938630104
0.8204275965690613
0.852703645825386
1.129461646080017
0.9393378682434559
0.9361908212304115
1.1574890464544296
1.0104217464104295
0.9420808628201485
1.0715516060590744
1.196039855480194
0.8035119026899338
0.7744997590780258
1.1115705892443657
1.223245695233345
1.0618337728083134
0.8954546302556992
1.113012656569481
0.8318792581558228
0.947822991758585
1.3000515699386597
0.8743723630905151
0.945818342268467
1.0389614328742027
0.8813458234071732
0.9081129282712936
0.9349876344203949
1.1042449101805687
0.8977971598505974
0.8826401904225349
1.002561105415225
0.9626885019242764
1.157396599650383
0.8973637670278549
0.6816692650318146
0.8322400003671646
1.112299382686615
1.0425967574119568
0.8474040031433105
1.1428817957639694
1.1416898667812347
0.9962409622967243
0.8421818763017654
0.9163322299718857
1.1081059724092484
1.112569659948349
1.0368490815162659
1.0710702165961266
0.9855239503085613
1.0535054504871368
1.1878785490989685
1.0692113563418388
1.0387668646872044
0.9394634030759335
0.8376775979995728
0.972998483106494
0.8807710558176041
0.7775146961212158
0.9271844029426575
1.146828055381775
1.1466840654611588
1.1498237401247025
1.0463203638792038
0.9262534528970718
1.0884317606687546
0.7826436311006546
1.0241707861423492
0.8979456648230553
1.007467146962881
1.0617828965187073
0.6143876612186432
0.9930739547125995
1.0231879577040672
1.1669081002473831
1.0686171278357506
1.0547845028340816
0.987512020394206
0.9992269240319729
0.6485969424247742
0.8421593457460403
0.9328154996037483
1.0678373202681541
0.9698778763413429
1.013125516474247
0.9311039298772812
0.7173345983028412
0.9268959537148476
0.6924831867218018
0.8596197813749313
0.9568291902542114
0.7967814058065414
0.9310778751969337
0.9921779744327068
1.2229114770889282
1.2151638120412827
0.9626012854278088
0.9423455782234669
1.1396518349647522
0.7781066000461578
0.878853440284729
1.078523077070713
1.0585640892386436
0.8906041085720062
1.0265759844332933
0.9358558878302574
1.1969835013151169
0.8045702576637268
1.0692316591739655
0.844254195690155
0.9314550831913948
1.2262973636388779
1.015470152720809
1.1177586540579796
1.177442580461502
0.9204112738370895
1.1295846551656723
0.9985528438119218
0.891493633389473
1.118401788175106
1.0184595100581646
1.2383822947740555
0.9317804723978043
0.9747047536075115
0.9447311237454414
1.1147159785032272
0.7868174761533737
0.9643646590411663
1.0056107342243195
0.8763602674007416
0.9676107466220856
0.9047153443098068
1.0954474285244942
1.1076112687587738
1.1386293917894363
0.7765295058488846
1.212945118546486
1.0981349721550941
0.954732533544302
0.9824755862355232
0.9915881445631385
1.0441119708120823
1.0794286280870438
1.0123389651998878
0.8877656012773514
1.177525669336319
0.9341394379734993
0.8679851442575455
0.5402149856090546
1.0912078619003296
1.0016039460897446
0.9470731988549232
0.9190358519554138
0.9760954938828945
0.7257729172706604
1.0398351028561592
0.9630104228854179
1.0260205902159214
1.0410602502524853
0.6781966388225555
1.1808189153671265
0.9985836930572987
0.8449355810880661
1.128828763961792
0.9005947709083557
0.8734386265277863
1.0275367815047503
1.041399460285902
1.0854434743523598
1.0741955786943436
0.5890003144741058
0.8510639369487762
1.0032359920442104
1.0823712721467018
0.9738095905631781
0.5686037540435791
0.9713356476277113
0.818013921380043
0.7694644331932068
0.9814461451023817
0.9723780993372202
1.0907195061445236
0.8529903143644333
0.8712320625782013
1.1805281937122345
0.7758320868015289
0.9212940409779549
1.048472885042429
1.0269550569355488
1.0803085342049599
1.0310363937169313
0.7625180631875992
0.8452313989400864
0.9094311892986298
0.9905210575088859
0.8941259384155273
1.2040471285581589
0.925755612552166
0.8378845006227493
1.0543075948953629
0.575133889913559
0.9373964443802834
1.1248845532536507
0.9990984946489334
0.7758136242628098
0.9925879016518593
0.9202361926436424
1.0347406268119812
1.0452428348362446
0.9800726268440485
1.0871476233005524
0.9695537202060223
1.0760900378227234
1.046272274106741
0.9613879173994064
1.005673935636878
0.8189408630132675
1.1389461606740952
1.0065251146443188
0.8331045508384705
0.8990684375166893
1.0708074942231178
1.098615676164627
1.0221280474215746
1.199046328663826
0.8697356432676315
1.0110315838828683
0.8202560395002365
1.1331005096435547
0.8988196924328804
1.0745360851287842
1.1551267504692078
1.0279054641723633
0.866569995880127
0.8374912589788437
1.2195831686258316
1.1522009521722794
1.0887634307146072
0.8658642023801804
1.0393664240837097
0.8465830236673355
0.6781684458255768
1.0262070447206497
0.9253255054354668
1.0709782838821411
0.9184512943029404
0.8019164204597473
0.7457363307476044
0.8948866575956345
1.0190388076007366
0.9665809608995914
0.8768455237150192
0.996910251211375
1.1029893532395363
1.0597077757120132
0.8934868201613426
1.1209968850016594
1.1357980072498322
0.970860205590725
0.9017534479498863
0.9296650066971779
1.0873469859361649
0.9608730562031269
1.0976502746343613
1.027827225625515
0.6961280703544617
0.9086186587810516
0.8020356297492981
1.0428946316242218
0.9020550921559334
0.877006009221077
0.9300237372517586
0.9930031597614288
1.0771309435367584
0.889649361371994
0.8185492306947708
1.177669957280159
0.8985273167490959
0.9508177489042282
0.9870092123746872
0.9069469645619392
0.8687925338745117
1.0791068226099014
1.231653407216072
0.987628223374486
1.2879895865917206
0.8720430880784988
0.9173608049750328
0.9804237820208073
1.0227559506893158
0.9877299824729562
1.0444030277431011
1.0657338201999664
0.6793102324008942
1.0184559896588326
1.1044264882802963
1.0875775814056396
0.8561639040708542
0.9082291275262833
0.916622519493103
0.8735264092683792
1.1982475221157074
1.0440763384103775
1.0363914668560028
1.0010690988274291
0.8522617071866989
1.1022080108523369
0.922651395201683
0.9853553725406528
1.18218132853508
1.10971849411726
1.2515769004821777
1.0196968670934439
0.9378969185054302
1.2497210800647736
0.9443944171071053
0.9729243665933609
0.9144189804792404
1.163669005036354
0.8722314238548279
0.9479454532265663
0.6118028461933136
1.2952239513397217
0.8167205303907394
1.1750261038541794
1.001432821387425
0.9945604111999273
1.2689595222473145
0.8426592200994492
1.104893058538437
1.1612364947795868
0.705886036157608
0.972373453900218
0.9545780755579472
1.0416637510061264
0.9780340734869242
1.109285481274128
0.8550149947404861
1.1036070585250854
0.992048492655158
1.073923110961914
0.9026340693235397
0.9457575380802155
1.0227809585630894
0.9319309890270233
0.7400444447994232
0.6911746859550476
0.9291116371750832
0.9743255395442247
1.035268571227789
1.1136922985315323
0.9319374784827232
0.8407419323921204
0.9009329155087471
0.7261571288108826
0.9572629146277905
0.9118969514966011
1.090650387108326
0.9119428768754005
0.8077328950166702
1.0640154257416725
0.9131603538990021
0.9415740743279457
1.0077631063759327
0.9112883508205414
1.1108734980225563
1.105779029428959
0.8007576614618301
0.9825038742274046
1.0214565619826317
0.8905960768461227
1.1828864365816116
0.9156249687075615
0.9461341947317123
0.9019517600536346
1.0217059310525656
0.9765490610152483
0.9774309918284416
1.1013064533472061
0.9308646693825722
0.9731790758669376
0.9832393284887075
0.8883753716945648
1.003378740977496
1.0985384359955788
1.0489793457090855
0.816057950258255
0.9581684432923794
1.0644652545452118
1.0106723457574844
1.147562950849533
0.7895578593015671
0.999041281582322
0.9636594466865063
0.9788899198174477
1.1146417632699013
1.05286530777812
0.9020986929535866
1.008012623526156
1.1413823813199997
1.0535943619906902
0.7095398008823395
0.9335302263498306
0.8387421369552612
0.7444701194763184
1.0236763004213572
0.8035081475973129
0.9805113226175308
0.8096092045307159
0.6394495964050293
1.0576080866158009
1.0199455488473177
0.8104026615619659
1.0058200983330607
0.8964909017086029
0.8650720864534378
0.9978975132107735
0.9289591461420059
0.7500433474779129
0.8381347954273224
0.9347293227910995
1.109709769487381
0.9288956522941589
0.9333697780966759
0.9443749897181988
0.9844095725566149
1.058925099670887
0.9096158370375633
0.9365977123379707
0.8519619256258011
0.8196732103824615
0.9414452649652958
0.9792820401489735
0.9031377881765366
0.8265849351882935
0.6811058819293976
0.8940421640872955
0.6937252879142761
0.9034616872668266
0.8937978893518448
0.9164684116840363
0.8885020241141319
0.8761350587010384
1.0265186708420515
1.0672933757305145
1.0574868880212307
0.9784615412354469
0.9134640246629715
1.0969459414482117
0.9972561355680227
1.0345853827893734
0.9839736167341471
0.9068578109145164
1.086677111685276
1.0399047061800957
0.8800031840801239
0.9105971604585648
0.9553069472312927
1.1152783185243607
1.033782746642828
0.9275254383683205
0.9366522282361984
1.029373999685049
1.003562449477613
0.9554778821766376
0.7667423337697983
0.9159930646419525
0.7706233561038971
1.0266507174819708
1.1332999616861343
0.9101317971944809
1.1028667092323303
0.9442320913076401
0.8640004247426987
1.199947103857994
1.123732529580593
0.9175162687897682
0.9012233763933182
0.8243812620639801
0.7885020524263382
0.9947226550430059
0.9512489326298237
1.0456526391208172
0.8376112282276154
0.9025182649493217
0.833585187792778
1.11696158349514
1.128492295742035
1.1631061136722565
0.9545356780290604
0.8853635713458061
0.9179702326655388
0.8067719787359238
0.8157767951488495
1.076001614332199
1.2430618107318878
1.0075493268668652
0.840652346611023
0.8793813288211823
0.9173240661621094
1.0451838076114655
1.1682594120502472
0.8489794880151749
0.9061198085546494
0.7640462815761566
0.7591685950756073
1.0065640024840832
0.733051598072052
1.0502283945679665
0.9264581650495529
0.988532617688179
0.9130098149180412
0.7865407019853592
0.8244961202144623
0.7796551883220673
1.2597914636135101
0.789006918668747
1.1141863241791725
0.7203502357006073
0.8350296467542648
0.8723434805870056
0.7124744057655334
0.7257538437843323
1.1671779155731201
1.0316874124109745
1.1579671055078506
0.8725259453058243
1.140310063958168
1.0365027040243149
0.906262718141079
1.2145985066890717
0.9160925596952438
0.812511071562767
0.8232939094305038
0.931038536131382
1.4024317562580109
0.9946647067554295
1.0803268775343895
0.8975873738527298
1.1403212696313858
0.9573496989905834
0.6974669396877289
0.8619658350944519
0.9907496040686965
0.9521588571369648
1.0793530866503716
0.9243847653269768
1.035948570817709
0.618148922920227
0.9972946417983621
1.1478093415498734
0.8391053229570389
1.082010880112648
0.9353501051664352
0.7437733709812164
1.204506665468216
1.0032184440642595
0.991521405056119
0.8602421432733536
0.9774042144417763
0.939044963568449
0.8655690401792526
1.1789531111717224
1.1934565305709839
0.9328417629003525
0.8788782358169556
1.0783180892467499
0.7800588458776474
1.22311669588089
0.9407808892428875
1.0460032634437084
0.9655255265533924
1.1295346319675446
0.8481734842061996
0.988925151526928
1.0533767119050026
0.8687634170055389
1.0538113564252853
1.0560437552630901
1.036470327526331
0.6197742223739624
1.1459035873413086
0.967400249093771
1.040724765509367
0.8171672523021698
1.0146239511668682
1.0340828746557236
0.7815849781036377
1.0319868996739388
1.062580056488514
1.01940649561584
0.9701681286096573
1.0916148498654366
0.9513442888855934
0.983027208596468
1.1107192635536194
1.1997288465499878
1.1030790880322456
1.0885783582925797
0.944231066852808
1.2111816853284836
0.9904085537418723
0.7205601036548615
1.0129522234201431
0.9706523008644581
1.0320150926709175
1.1061788573861122
1.0653735250234604
0.7308208048343658
1.0305073987692595
1.2547990083694458
1.0709067285060883
0.8342495709657669
0.9645631276071072
1.0954981297254562
0.936814971268177
1.0839638859033585
0.7418753802776337
0.7618333697319031
1.2042554467916489
0.9382736310362816
1.1072705537080765
0.8696434795856476
0.868473544716835
1.0079018902033567
0.9291659221053123
0.8551220446825027
1.0689234361052513
1.138554334640503
0.8912757784128189
1.0839247480034828
0.9995761886239052
1.0098121957853436
0.7781264036893845
1.035520251840353
0.9924187357537448
0.7317883372306824
0.7837722599506378
1.0824660584330559
0.7951157093048096
1.0874330177903175
0.8256415873765945
0.7289483845233917
1.1124055683612823
0.9463340602815151
0.8906105607748032
1.0177583936601877
1.1244371607899666
1.018683509901166
1.0465882644057274
1.0815531685948372
1.093906432390213
0.974331010133028
1.0482944585382938
0.9985260553658009
0.923530139029026
0.8965156525373459
1.0417702086269855
1.0051363301463425
1.1373916566371918
1.0610754899680614
0.9483797140419483
1.2263064086437225
0.8823055177927017
1.1933029890060425
0.8362841457128525
0.8298192620277405
0.8771098554134369
1.0526613630354404
1.3238287270069122
0.8887517377734184
1.0853768959641457
0.8516043424606323
0.9806436859071255
1.1235231384634972
1.1453284323215485
0.9547323770821095
1.0654767155647278
0.8436845391988754
1.026326671242714
0.9714988283813
0.7812141925096512
0.8836172074079514
0.9110386967658997
0.8428079783916473
0.9981161131290719
0.9696040600538254
1.0364339835941792
0.9593337811529636
0.9174063578248024
0.950603574514389
1.1328289210796356
1.1781248897314072
0.9393800385296345
0.9443691857159138
0.9671026133000851
1.1250063925981522
0.9561132416129112
1.0207200404256582
0.7351221740245819
0.8897314369678497
1.0562375150620937
0.9764385744929314
0.6992140114307404
1.0201398078352213
0.999509105400648
0.9916464546695352
0.9351644814014435
0.8276266008615494
1.083063818514347
1.210314929485321
0.8733042180538177
0.9537236206233501
1.0043294210918248
0.9045714363455772
0.920893706381321
1.0616466365754604
0.6836784183979034
1.2009092569351196
1.1130453869700432
1.1250191181898117
0.926372267305851
0.9671035371720791
1.1085373237729073
0.9671568349003792
1.0709985867142677
1.1510479897260666
0.8611639440059662
0.8493097126483917
1.2210613191127777
0.8996371403336525
1.052839782088995
0.9759014043956995
0.9091594889760017
0.8957085832953453
0.7978429049253464
1.0577876530587673
0.8423507213592529
1.0861406549811363
1.1252768784761429
0.9869514834135771
1.1702433079481125
0.9710914846509695
1.2065487653017044
0.9039082229137421
0.879574216902256
1.0103368628770113
0.7776736468076706
0.9814485348761082
0.9968138765543699
0.8202075213193893
0.9659704975783825
0.934570848941803
1.1038108840584755
1.1093247756361961
1.095022089779377
1.0469438880681992
0.8199287354946136
0.950512632727623
1.021457651630044
0.9826609995216131
1.1086381822824478
0.99515550583601
1.006188437808305
1.013126440346241
0.9733989201486111
1.1305039376020432
1.022749800235033
0.881876215338707
1.16817906498909
0.9418168924748898
0.9189326092600822
1.022593753412366
1.377210021018982
1.1410109400749207
1.1100258380174637
1.061747632920742
1.216397985816002
0.9434856697916985
0.8616547584533691
1.068124033510685
1.052948236465454
1.1320045441389084
0.9226788803935051
0.8572857230901718
0.8304082602262497
1.078584261238575
0.9063048809766769
1.0114528238773346
0.9000107124447823
1.193342074751854
1.218724012374878
1.1369623392820358
1.0087282555177808
0.9292497485876083
0.673496276140213
1.0067789065651596
0.9606798179447651
0.9824695754796267
0.7105388939380646
0.7225946485996246
1.2642593681812286
0.9405422881245613
0.8742484003305435
1.0369987674057484
1.0227717086672783
0.9368694648146629
0.8520363718271255
1.1209488734602928
0.986566923558712
1.0042356327176094
0.9491325207054615
0.9947359869256616
1.1289733946323395
0.8385420441627502
0.9337382465600967
1.0835587978363037
0.9983277842402458
1.028165252879262
0.88629050552845
0.9750638697296381
0.8509613126516342
1.0585070699453354
0.9116340279579163
0.8733598738908768
0.9034304991364479
1.1257985979318619
0.9480041414499283
1.2481171190738678
0.9422838501632214
0.9633914642035961
0.93898044526577
1.046260729432106
0.8733193278312683
1.1072745397686958
0.8978746086359024
0.7405556738376617
0.9929797016084194
0.9150959998369217
1.0168224517256021
0.8643138110637665
0.9168515056371689
1.1272654235363007
1.01130663882941
1.1142102479934692
0.8242324441671371
0.9127074554562569
1.0495786406099796
1.0962470173835754
1.1261317729949951
1.1335972398519516
0.9683241061866283
1.1387764066457748
0.9528563506901264
0.9222606718540192
0.9615113511681557
0.8807312995195389
0.6892068386077881
0.9178426563739777
0.9612530581653118
0.9177899211645126
0.8094558864831924
0.795986533164978
0.933929406106472
1.0764729678630829
1.195737063884735
1.1006095111370087
0.9012771397829056
1.0837065801024437
0.6484389007091522
1.0212901327759027
1.2736553251743317
1.1518531888723373
1.0361604653298855
1.0188710670918226
0.7988082319498062
1.0085971923545003
1.212765321135521
0.9617782048881054
1.0791530907154083
0.8199737668037415
1.1096153780817986
0.8936289995908737
0.917085736989975
1.1015077158808708
1.0659776329994202
1.1065413430333138
0.9261306151747704
1.1594094634056091
0.8068261295557022
0.7133999764919281
0.7725534588098526
0.9877459369599819
1.10830507427454
0.8677990883588791
1.0232490003108978
0.9820891097187996
1.1331096589565277
1.0786862894892693
0.9536936059594154
0.8663194328546524
1.154891550540924
0.9142837673425674
0.8613471686840057
0.8277723491191864
0.909004233777523
0.9851078828796744
0.8882920369505882
1.1104908362030983
0.9964799713343382
0.9865622073411942
0.8143431842327118
1.0007598968222737
0.8575075417757034
1.051960539072752
1.081898495554924
0.98593136575073
0.8887627422809601
1.077648364007473
1.1805580258369446
1.1192846298217773
1.0643906444311142
1.159241870045662
0.9715322256088257
1.1253119111061096
1.0347032770514488
1.0657071620225906
0.8945578262209892
0.8889635279774666
1.0291701965034008
1.0850167497992516
0.8844689279794693
0.87126025557518
1.0663896799087524
0.96142752841115
1.1255944073200226
1.031166734173894
1.1367056965827942
0.8762236908078194
1.1049710661172867
1.1516513675451279
1.1150224953889847
1.0599258989095688
1.1959442049264908
1.0091116400435567
0.8776828050613403
0.7380126416683197
0.858606219291687
0.92537871748209
0.7635408639907837
0.9154497385025024
0.9883767077699304
0.9206708893179893
0.9260480999946594
0.8157159239053726
0.864357128739357
1.079444631934166
1.045224778354168
1.0276593919843435
1.099022462964058
1.1348290592432022
1.1219459027051926
1.0195201355963945
0.9621156305074692
1.1464297771453857
1.0710075348615646
0.9418128989636898
0.9485422596335411
1.0396075882017612
0.8309124857187271
1.0871827378869057
0.938746340572834
1.1122679114341736
0.8566296249628067
1.0798561125993729
0.863331526517868
0.9602280035614967
0.7988250106573105
0.9664215259253979
0.7723572552204132
0.7934777736663818
1.0920407176017761
1.1164510399103165
1.045508187264204
0.9349610656499863
0.9979649118613452
0.8676607310771942
0.8471554815769196
1.094048723578453
1.204267293214798
0.992954186629504
1.0679447576403618
0.8272309005260468
0.8910463154315948
1.012491274625063
1.031538661569357
0.9828595779836178
0.9267309159040451
0.9616211391985416
1.249762237071991
1.1381529420614243
0.8999164700508118
1.1671603620052338
1.0389900766313076
1.049969606101513
0.8131675273180008
1.2082571536302567
0.9187467321753502
0.8311294466257095
0.7966534942388535
1.1406694799661636
0.7955329567193985
0.9835571926087141
0.9947773735038936
1.0514453500509262
1.1499615907669067
1.117762066423893
0.9489183574914932
1.024651089683175
1.065877415239811
1.054163295775652
0.8861270323395729
0.9447067454457283
1.1592502892017365
0.9438873641192913
1.0910898372530937
1.2568774223327637
0.9148983806371689
0.97918401658535
1.1884490549564362
0.9516692496836185
1.079665131866932
0.8481682687997818
1.0367655754089355
1.2184909731149673
0.8931452631950378
0.8994487002491951
1.0227355193346739
0.9955962081439793
1.244712546467781
1.013461770489812
0.9237333536148071
0.9088945984840393
0.9382463991641998
0.8170151263475418
1.0935250297188759
0.7948093712329865
1.1273696571588516
0.9404077939689159
0.7759891450405121
0.9692301377654076
1.1137161701917648
0.9604988656938076
0.8598438054323196
1.1001434028148651
0.828702837228775
0.9863483309745789
0.973136318847537
1.0005406475975178
1.1613227427005768
0.6799823045730591
0.9267836436629295
1.0485025495290756
0.9706756006926298
1.1762711554765701
0.7845315337181091
1.0692404061555862
0.9253631234169006
0.8323643505573273
1.0378212668001652
1.101589635014534
1.0587109364569187
1.0711389556527138
0.8671016693115234
0.9360491409897804
1.1537890583276749
0.7007737159729004
0.8317507803440094
0.9579806178808212
1.0451331809163094
1.0095272529870272
1.0808972343802452
0.7025854289531708
1.0135248797014356
1.0058781504631042
0.6801455318927765
0.8496110439300537
0.9319249242544174
0.8060394078493118
1.1624385118484497
0.9974795430898666
0.9754675682634115
0.9767136126756668
0.7476910352706909
1.12624092400074
1.1662502586841583
0.9649728983640671
0.8758968561887741
0.8385975062847137
0.94338583573699
1.0475433394312859
0.950386319309473
0.8328362256288528
0.7809391170740128
0.8266150206327438
0.9522707276046276
1.004845291376114
1.1013598665595055
0.9662633948028088
1.0648055598139763
0.9681952334940434
0.7827374339103699
1.1315874308347702
1.016968360170722
0.6812000870704651
0.861406683921814
1.0938815549015999
0.720166027545929
0.9252767786383629
0.8326684981584549
1.0884506478905678
1.0607287175953388
1.0852713957428932
0.9786495044827461
1.1375460475683212
0.9707381948828697
1.3070935308933258
1.1750108301639557
0.9994305893196724
0.6640037000179291
0.6197461485862732
1.1373934745788574
0.8178095519542694
1.094174563884735
0.9743582345545292
1.346604585647583
0.9735576715320349
0.649844229221344
1.1664308905601501
1.043825600296259
0.9139115437865257
1.064972773194313
0.7650908082723618
0.7448074817657471
0.9233249127864838
1.065455973148346
1.0962885916233063
1.2121256291866302
1.1650478094816208
0.8222869038581848
1.1197404563426971
0.9629491120576859
1.0029697641730309
0.6857143044471741
0.7307059466838837
0.7959190905094147
0.954926397651434
1.0900338366627693
1.0388607308268547
0.7980301082134247
0.9121652245521545
1.000277898274362
1.0932764410972595
0.7563778162002563
0.6900271475315094
0.9622797295451164
1.0177344307303429
1.1371763050556183
1.115544743835926
0.8625591695308685
0.8496591597795486
1.1764340102672577
0.7358973622322083
1.047620214521885
0.8484857380390167
0.9578850381076336
0.8439974635839462
1.0033936128020287
1.1640929132699966
1.061753235757351
0.9004328399896622
1.2580020129680634
0.9047804325819016
1.0813110247254372
0.953361451625824
0.8057412952184677
1.2782355844974518
0.9232607334852219
1.0338928811252117
0.9190831556916237
1.061817690730095
1.0215002745389938
1.1059193834662437
1.1163517162203789
1.0635584443807602
0.7934982627630234
1.2140646427869797
0.9609733112156391
0.9087976962327957
0.9650978855788708
0.8813121318817139
1.0589472502470016
1.1092567071318626
1.0722628086805344
1.3587526977062225
1.1344831138849258
0.48069024085998535
1.0205351114273071
0.9399011097848415
0.7824944257736206
0.8625508397817612
0.9594906270503998
0.9499288238584995
0.7750274240970612
0.9300850257277489
0.9957431703805923
1.0334150977432728
1.0032074488699436
0.9135673195123672
1.0703533068299294
0.9565081484615803
0.9740235302597284
0.8940771967172623
1.113967850804329
0.7934361845254898
1.0244720242917538
0.7840636968612671
1.1074944734573364
0.9390039555728436
1.0861263200640678
0.861662894487381
1.2522127032279968
1.1307157427072525
0.9211446419358253
1.06332778185606
1.0474723987281322
0.9226974323391914
1.2075157314538956
1.0988690108060837
1.0269103460013866
1.0609988644719124
0.9252076521515846
0.9503341093659401
0.9239216297864914
1.2279754728078842
0.6022229492664337
1.1731807589530945
0.7994221597909927
0.8908078297972679
1.0191376768052578
1.272126317024231
0.7468089163303375
0.9581209979951382
0.9486245773732662
0.8976859599351883
1.088260218501091
0.9405543133616447
0.8508815169334412
0.8762030377984047
1.0568842440843582
0.7847629636526108
1.0876134559512138
1.0760290250182152
0.8060139566659927
0.8584505468606949
1.0020872224122286
0.6999132037162781
1.07107812166214
0.9444169923663139
1.0297036804258823
0.9376974813640118
1.2648940980434418
0.949257418513298
0.9154318273067474
1.221527025103569
1.1274045705795288
0.9935802253894508
0.9797577504068613
0.8563728481531143
1.1186235398054123
0.88225207477808
1.0298906788229942
1.082184724509716
0.9509363360702991
0.9912273176014423
1.1847666501998901
0.8204040378332138
0.9843502193689346
1.0359122194349766
1.0679320767521858
0.9309258162975311
0.9935355363413692
1.0624425895512104
1.079961247742176
1.0313619785010815
1.0913798362016678
0.6654379963874817
0.8802651017904282
0.8478589504957199
1.119584932923317
0.9234427735209465
1.0844891145825386
1.1983704566955566
0.7081205546855927
0.8110640794038773
1.1012877076864243
0.9201593548059464
0.972753843292594
0.7416911721229553
0.8677341938018799
0.869342029094696
0.8993065357208252
1.0718575343489647
1.0947444885969162
1.0240602940320969
0.9182208031415939
1.1447543054819107
0.639066070318222
1.026107281446457
0.9105253145098686
0.9878715919330716
0.9678153097629547
1.1290921568870544
0.8254415839910507
1.0069395028986037
1.0893573313951492
0.6776643395423889
0.9690364729613066
1.0051096687093377
1.0361724346876144
1.0068341493606567
0.8254928141832352
1.1787628829479218
0.86356121301651
1.1968785375356674
1.0010219253599644
0.9615088924765587
0.795188769698143
0.964693546295166
0.9105944260954857
0.6747678518295288
1.01343581546098
1.1368376314640045
0.9756688755005598
0.7030608952045441
0.9710867404937744
1.0013267585309222
0.9187726750969887
1.0902979671955109
0.9297739118337631
0.8993948921561241
1.1080448031425476
0.8791744410991669
0.7897939085960388
1.2614299356937408
1.1179430931806564
1.3329130113124847
1.3333851993083954
0.8212824761867523
0.8707701861858368
0.9277621060609818
1.2005563080310822
0.997175709111616
0.73061203956604
1.1175552383065224
0.8692868500947952
0.8601503521203995
0.8588080853223801
0.8850372806191444
0.9192865341901779
0.9859741851687431
0.9762223623692989
0.828876793384552
0.8840572088956833
1.001581847667694
1.055993601679802
1.030289364978671
0.9026288762688637
0.9358279258012772
0.9038302972912788
0.9871435919776559
1.162113606929779
0.988592229783535
1.079086422920227
0.7743573486804962
1.000723478908185
1.0969938710331917
0.9162056669592857
1.0312908999621868
0.8771345615386963
1.103478528559208
1.0599843636155128
1.1341161727905273
1.0914377570152283
0.8822912573814392
0.8028771281242371
0.9108927175402641
1.0324606448411942
0.9948848406784236
1.0595278479158878
1.1258839666843414
0.9057526141405106
0.9894678089767694
0.9987649340182543
0.9005566984415054
1.097034864127636
1.061085507273674
1.0800821036100388
0.7704827934503555
0.6643699407577515
0.9204382747411728
1.0621762797236443
1.2034978121519089
0.9105338975787163
0.9937551384791732
0.7843997627496719
1.1616892963647842
0.8745746910572052
1.0164494160562754
1.0252490378916264
0.9200071394443512
0.905407041311264
1.0108479633927345
0.9899379229173064
1.4149203598499298
0.8318761885166168
0.8168275356292725
1.0297304391860962
1.0224411487579346
0.7249851524829865
0.8457669764757156
1.046253316104412
0.7996530830860138
0.9085978344082832
0.9841845966875553
0.9927685186266899
0.7698691189289093
0.7905374020338058
0.9317469000816345
1.070106491446495
0.8160904496908188
0.9889901867136359
0.9754094574600458
0.4053236246109009
0.9763765726238489
1.3671277165412903
0.7869407087564468
1.1676249504089355
0.9357512891292572
0.778620719909668
1.0194328632205725
0.9123407676815987
0.9815091751515865
1.1439307481050491
1.1196236684918404
0.9652902893722057
1.0633971393108368
1.0574712827801704
0.7809697389602661
0.7352746725082397
1.0235824100673199
1.0929804295301437
1.0928093940019608
0.818239837884903
0.8601959496736526
0.9693679176270962
0.8982629477977753
1.2073626667261124
0.9885641280561686
0.8476604074239731
0.9681315012276173
1.018903348594904
0.624446451663971
0.919517457485199
0.9847683496773243
0.8621470630168915
1.0973337888717651
0.8949335962533951
0.9822851773351431
0.799014613032341
0.9028018936514854
1.1066460832953453
0.8464515060186386
0.9649428464472294
0.9290713518857956
0.7570904493331909
0.8743918687105179
0.9961889553815126
1.0317962244153023
0.9552711509168148
0.8721780478954315
1.1236043944954872
1.2733672559261322
1.1698920130729675
1.0122257862240076
1.0585173964500427
0.9531249888241291
1.0102181201800704
0.8818976879119873
1.0366676971316338
1.073879137635231
0.9900228045880795
1.0993917062878609
1.2787202596664429
0.8527187258005142
0.7984932065010071
0.9879712089896202
0.9771155472844839
1.0454252362251282
1.0988388508558273
0.9481763988733292
0.9669333435595036
1.1716892272233963
0.9566793479025364
1.0870542526245117
1.034851785749197
0.9605038240551949
0.877401553094387
1.0221431646496058
1.0555210746824741
1.1110065281391144
1.1039335206151009
0.7102045118808746
0.9378912001848221
1.0092173079028726
1.169773355126381
0.9723044726997614
0.9585191421210766
0.8876614645123482
0.9015944078564644
0.8238802403211594
0.9560727812349796
0.9577081501483917
0.9276652485132217
1.1483739763498306
0.7287721037864685
1.0376625917851925
0.8009835034608841
1.1290800124406815
0.7787789404392242
0.934226356446743
0.9964350331574678
0.8641274869441986
0.8372034430503845
1.0227887388318777
1.102156162261963
0.9741596058011055
1.223857581615448
0.9642896130681038
0.9574460051953793
0.9141313806176186
0.9115897119045258
0.7038064301013947
0.9829757660627365
0.9766576178371906
0.7606071829795837
0.9258365705609322
1.0247869025915861
0.7482502460479736
1.1039568483829498
0.8330318182706833
0.9381683953106403
1.2868278920650482
1.0239291284233332
1.1802432537078857
1.0970925465226173
1.0176884848624468
0.9331092908978462
1.0332918725907803
0.8497197329998016
0.9302681609988213
1.1492731273174286
1.0832486748695374
1.092947132885456
1.1153979673981667
0.9259994551539421
0.8776287660002708
1.1063907593488693
1.3406217694282532
0.9997819969285047
0.774442508816719
1.0890470743179321
1.0837577730417252
0.8986470624804497
0.9565268903970718
1.0847940146923065
0.9284509345889091
0.9239106476306915
1.009565431624651
0.9848141027614474
1.0956580117344856
0.9800452515482903
0.6613408029079437
0.8315699994564056
1.1335355043411255
1.0520626939833164
0.8984676003456116
0.9284663796424866
0.9552653320133686
1.0617115683853626
0.8687924295663834
1.1855930089950562
0.8214057236909866
0.9484497085213661
1.0641697570681572
0.838900163769722
1.0480504930019379
1.013185128569603
0.9788944106549025
1.0309997126460075
1.064619742333889
0.9432934410870075
0.9301145896315575
0.9713052343577147
0.9527254998683929
0.9309467598795891
1.121851697564125
0.9284052476286888
0.7639046758413315
0.9626337513327599
1.0664171129465103
1.0734850391745567
0.9519410878419876
1.0145103260874748
1.0750563070178032
0.9552247077226639
0.9452524110674858
0.9648165516555309
0.7331269085407257
0.8202232718467712
1.0238335654139519
0.788627028465271
1.144831657409668
1.2697887420654297
0.9607479497790337
1.002642440609634
0.9524668753147125
0.8831085860729218
0.9682980254292488
1.1291298121213913
0.897823192179203
0.9630167819559574
0.9224064648151398
0.917613722383976
0.9566674903035164
0.9568633139133453
1.0250403732061386
1.0086994795128703
1.0392215140163898
0.844214141368866
0.9520580433309078
1.1625999063253403
1.0604337379336357
1.029255598783493
1.3094339966773987
0.9643323123455048
1.1652697771787643
0.8926616981625557
0.9918860187754035
1.1027311757206917
0.9012904763221741
0.9687869045883417
0.8748444467782974
1.0403948724269867
0.9461918845772743
1.0092077190056443
1.049150601029396
0.8756253346800804
1.103082649409771
0.9224061146378517
1.1212204694747925
0.8232560753822327
0.9944101925939322
1.0091144423931837
1.1643699705600739
0.9522139988839626
0.7115901112556458
1.0309814848005772
0.7930329591035843
1.2076480090618134
0.9217240586876869
0.8210175335407257
1.0582195594906807
0.9363830760121346
0.8785862624645233
0.6444066166877747
0.9537405446171761
0.8191800117492676
1.081804484128952
0.8190985769033432
0.7514611035585403
1.026116693392396
0.9463827311992645
0.921675980091095
1.038878433406353
1.1343851387500763
1.0698044523596764
0.9522960595786572
1.1094858273863792
0.5704975724220276
1.0283982772380114
0.9194553047418594
1.0422920137643814
1.089818798005581
1.07595906406641
1.085356466472149
0.928546354174614
1.1360591053962708
1.2327807545661926
1.1883879452943802
0.9800656698644161
0.9950540293939412
1.0133638167753816
0.9972669426351786
1.0510197691619396
0.922038622200489
0.9545277133584023
0.9764100536704063
1.1811935007572174
0.9646521061658859
1.086444728076458
1.0337565131485462
0.9103082120418549
0.6642520427703857
0.946080107241869
0.7858310490846634
1.1336223036050797
0.8206929713487625
0.9846926452592015
1.1517324000597
0.9971052405890077
0.8632716685533524
1.0988396629691124
1.0469596311450005
1.0257505755871534
0.8814878910779953
0.9326402172446251
1.0142185250297189
1.0053633898496628
1.0088855810463428
0.6548569798469543
0.8428982049226761
0.9179831445217133
0.7352007925510406
0.967623446136713
1.1440498381853104
0.8934647142887115
0.896666407585144
0.8149097710847855
0.9337631687521935
0.9051457419991493
0.9891469432041049
0.9551739245653152
0.9341295287013054
1.1065969541668892
0.7423001825809479
0.7766953259706497
0.7201337218284607
1.1774190813302994
0.900571696460247
1.074858769774437
1.0890039876103401
0.9078519269824028
0.8464158475399017
1.1695582568645477
1.168548434972763
1.0813567489385605
0.7363470196723938
1.183938816189766
0.6221349835395813
0.94176010414958
0.9222675636410713
0.8232028931379318
0.812467634677887
0.9844645736739039
0.9646448530256748
1.1136536449193954
1.242696762084961
0.850181981921196
1.36752587556839
1.0703129097819328
0.8366317301988602
1.0448767133057117
0.9109363481402397
0.9696530550718307
1.0734235793352127
0.789824053645134
0.9839784279465675
0.7395814657211304
0.6233000159263611
0.9484020322561264
0.5849077105522156
1.0941359028220177
0.9614396952092648
0.9525178447365761
1.1357945501804352
1.0299946442246437
0.8060275614261627
0.9926295499317348
0.9576551094651222
1.0715301856398582
0.9929530872032046
0.8567114174365997
0.9950123871676624
0.8789009153842926
0.7064015567302704
0.8761829733848572
0.9630965478718281
0.9338524341583252
0.9916927730664611
0.6089409589767456
1.0207803696393967
1.0226791352033615
0.6537200808525085
1.1140700578689575
1.0033696782775223
0.8445136845111847
0.9315020143985748
1.0080668665468693
1.044307243078947
1.1091252639889717
0.6745052933692932
1.1347384750843048
0.9715452510863543
1.108452908694744
0.9161325171589851
0.9453315287828445
1.0477718152105808
0.8594981133937836
0.6790720522403717
1.152364045381546
0.7973860651254654
0.9354588091373444
0.9226695373654366
0.9886481380090117
0.8252395540475845
1.0007230863557197
0.7954089790582657
1.1986573189496994
1.1886325627565384
0.948002602905035
1.1162948235869408
1.0695000290870667
0.9225447326898575
1.0835230574011803
1.1525762677192688
1.0525198392570019
0.8934089988470078
0.8525799214839935
1.0246190801262856
0.9866873677819967
0.8714176118373871
0.9143856689333916
1.023117896169424
0.8107225149869919
0.8164038211107254
0.9402784705162048
0.90401890873909
1.0063438722863793
0.8742052763700485
0.8510019779205322
0.9024086743593216
0.932577058672905
1.0736862868070602
0.8499541580677032
1.0555101223289967
0.9404511041939259
1.0532472506165504
0.9749998580664396
1.0794883519411087
0.8924736976623535
1.1296257674694061
0.9902034187689424
0.9581761322915554
0.8865713253617287
0.9924175101332366
0.8072976022958755
1.161231592297554
0.827031135559082
0.7313819825649261
0.7751476764678955
0.9406381733715534
0.917498268187046
0.9879866251721978
0.6036499440670013
1.039073083549738
0.9288578778505325
0.8779011145234108
0.8836902976036072
1.0109601859003305
1.0268736463040113
1.1901817321777344
1.2020101845264435
1.021472318097949
1.053701240569353
0.7677833437919617
0.8039336204528809
0.918234184384346
1.1104890257120132
0.806980550289154
0.9140126258134842
1.1705924272537231
1.0127732381224632
0.8754420429468155
1.032437190413475
0.9088417068123817
0.8727528601884842
0.9139272123575211
1.0744421482086182
1.0218410398811102
0.6976361274719238
0.8567574918270111
0.9191455915570259
0.8960271403193474
0.8020735681056976
1.1408201903104782
0.8769399896264076
1.1563980877399445
0.9080062359571457
1.021010771393776
0.869534969329834
0.8803385347127914
0.7239423096179962
0.9059025645256042
0.9096499979496002
1.1408717781305313
1.2042106688022614
0.8675173074007034
1.102436251938343
0.9060691148042679
1.0273569077253342
0.7923808842897415
0.8875817060470581
1.1003301963210106
0.8844721093773842
0.9532271958887577
0.9481945596635342
0.8252417743206024
1.0425595380365849
0.9450294524431229
0.9533172957599163
0.7065661251544952
0.9136937335133553
1.0182362869381905
1.087272748351097
0.7989891916513443
0.9346202909946442
1.3285951912403107
0.8371078819036484
1.052148424088955
1.0302980449050665
1.2872029840946198
0.9825261160731316
0.7646894007921219
1.0225135665386915
0.6852249503135681
1.010377636179328
0.906999982893467