0.5159059762954712
0.3521178364753723
0.12359809875488281
0.10570001602172852
0.14955461025238037
0.5039158165454865
0.22891110181808472
0.8728518337011337
0.07319724559783936
0.5201203525066376
0.6468573212623596
0.11927485466003418
0.7380868792533875
0.35669559240341187
0.40160447359085083
0.3680307865142822
0.39103490114212036
0.5022514164447784
0.9462989158928394
0.2664780020713806
0.34283411502838135
0.6608948111534119
0.05359429121017456
0.34689265489578247
0.27852147817611694
0.23375284671783447
0.3147825002670288
0.9854814875870943
0.2761320471763611
0.518014669418335
0.7500483691692352
0.755035787820816
0.17080152034759521
0.350705623626709
0.2500215768814087
0.35068392753601074
0.41052311658859253
0.6230932772159576
0.4284142851829529
0.5634856522083282
0.07636141777038574
0.2934730648994446
1.1220899149775505
0.2705800533294678
0.7631105929613113
0.8313266187906265
0.6691532731056213
0.34131473302841187
0.44389575719833374
0.7369476854801178
0.3558429479598999
0.1283433437347412
0.438795804977417
0.24811965227127075
0.3832849860191345
0.2743822932243347
0.22839152812957764
0.524892121553421
0.4746207594871521
0.6707760393619537
0.27037161588668823
0.22552132606506348
1.0282004624605179
0.5444534718990326
0.1883755922317505
0.17314475774765015
0.3253793716430664
0.4914436340332031
0.3240163326263428
0.3866311311721802
0.36563634872436523
0.4791628122329712
0.32259923219680786
0.36256110668182373
0.22013604640960693
0.1611924171447754
0.21836638450622559
0.28510427474975586
0.3588331341743469
0.37096911668777466
0.23859959840774536
0.17609715461730957
0.1866866946220398
0.36855995655059814
0.22405296564102173
0.44607704877853394
0.33467936515808105
0.7242016494274139
0.19252419471740723
0.14433670043945312
0.17936289310455322
0.41026192903518677
0.584693431854248
0.40788328647613525
0.429104208946228
0.19675660133361816
0.2375074028968811
0.11726146936416626
0.2978965640068054
0.3595510721206665
0.3672676682472229
0.11426329612731934
0.4734235405921936
1.120730236172676
0.26978492736816406
0.5998879671096802
0.3880549669265747
0.33745676279067993
0.9545565471053123
0.2914060950279236
0.32218658924102783
0.6344566941261292
0.6343486309051514
0.19484704732894897
0.38865476846694946
0.6662700176239014
0.4512605667114258
0.644892543554306
0.30396324396133423
0.2467803955078125
0.4830230474472046
0.3162517547607422
1.167094960808754
0.11165976524353027
0.16985923051834106
0.45738470554351807
0.3040570616722107
0.43527209758758545
0.38251203298568726
0.3501918911933899
0.3478691577911377
0.24213767051696777
0.2692078948020935
0.5101185142993927
0.2909002900123596
0.4193674921989441
0.4112223982810974
0.09989428520202637
0.25318729877471924
0.7483745813369751
0.25485944747924805
0.37967783212661743
0.5342617332935333
0.26873040199279785
0.18381953239440918
0.2747132182121277
0.33324116468429565
0.42406129837036133
0.2909860610961914
0.19061279296875
0.38669532537460327
0.3660757541656494
0.8921443894505501
0.3740222454071045
0.2739805579185486
0.18997228145599365
0.3766740560531616
0.8235761225223541
0.13638508319854736
0.16541659832000732
0.23167479038238525
0.49955636262893677
0.3745141625404358
0.32771992683410645
0.34931057691574097
0.5730292499065399
0.46772170066833496
0.6162876486778259
0.1158718466758728
0.3172221779823303
0.17543137073516846
0.3862624168395996
0.513513594865799
0.047624289989471436
0.4029170870780945
0.5017678737640381
0.3815046548843384
0.2632902264595032
0.339611291885376
0.8926152884960175
0.4764729142189026
0.37532275915145874
0.1671673059463501
0.5133073627948761
0.24790096282958984
0.36598271131515503
0.42145317792892456
0.8707165867090225
0.531836748123169
0.351520836353302
0.5596201419830322
0.32538139820098877
0.23221880197525024
0.18066847324371338
0.3448573350906372
0.41705477237701416
0.2174251675605774
0.9571664184331894
0.8946943357586861
0.37549662590026855
0.10961556434631348
0.6431523263454437
0.36058592796325684
0.042466044425964355
0.3643059730529785
0.337197482585907
0.6836340725421906
0.4888216257095337
0.18217819929122925
0.5608707070350647
0.3662536144256592
0.31991052627563477
0.40176522731781006
0.29761654138565063
0.5052691102027893
1.0908062383532524
0.36233800649642944
0.5232821702957153
0.3853021264076233
0.25167274475097656
0.13899439573287964
0.2943265438079834
0.21050572395324707
1.0600563064217567
0.24010300636291504
0.5241202712059021
0.3077656626701355
0.3292533755302429
0.28642553091049194
0.4795486330986023
0.9665499851107597
0.567019134759903
0.07491981983184814
0.1344670057296753
0.6263594925403595
0.377174973487854
0.5260920822620392
0.2754979133605957
0.15671616792678833
0.3226211667060852
0.5436972677707672
0.2213815450668335
0.4976048469543457
0.40007102489471436
0.24371564388275146
0.23189371824264526
0.5561628937721252
0.5294525921344757
0.5430050492286682
0.22477859258651733
0.47943782806396484
0.30864983797073364
0.8288175910711288
0.14421170949935913
0.862799808382988
0.804455429315567
0.9395275935530663
0.19198274612426758
0.38130664825439453
0.7465368509292603
0.489132821559906
0.21303677558898926
0.48318612575531006
0.23109471797943115
0.17933225631713867
0.9579357393085957
0.16034787893295288
0.39195096492767334
0.3216705918312073
0.33590167760849
0.14557647705078125
0.8849764689803123
0.2458329200744629
0.582878589630127
0.14201098680496216
0.22881484031677246
0.196383535861969
0.9388057291507721
0.23673665523529053
1.0958686023950577
0.3492666482925415
0.5382975339889526
0.3522998094558716
0.18617618083953857
0.996387293562293
0.6362661719322205
0.17582404613494873
0.3294421434402466
0.20993852615356445
0.34804028272628784
0.29836219549179077
0.15763354301452637
0.27907615900039673
0.8755438029766083
0.1839156150817871
0.8513173609972
0.6044138371944427
0.7025843858718872
0.4130666255950928
0.2721301317214966
0.14687228202819824
0.786082461476326
0.226734459400177
0.4007064700126648
0.36755263805389404
0.22379082441329956
0.32886946201324463
0.28103017807006836
0.4159266948699951
0.2557132840156555
0.48777514696121216
0.5625172853469849
0.2454221248626709
0.2552710771560669
0.43644940853118896
0.16157501935958862
0.3114704489707947
0.21941763162612915
0.4272083044052124
0.24914705753326416
0.3518162965774536
0.37701737880706787
0.6969638466835022
0.5195495188236237
0.30326104164123535
0.3006554841995239
0.4369182586669922
0.07991671562194824
0.5610711872577667
0.4574393630027771
0.9668613597750664
0.2802037000656128
0.22462642192840576
0.43136489391326904
0.5433940589427948
0.63947394490242
0.07980281114578247
1.2181997001171112
0.21780842542648315
0.3494260311126709
0.14257603883743286
0.33446890115737915
0.27754342555999756
0.31513482332229614
0.6551746726036072
0.21619433164596558
0.26838839054107666
0.10823178291320801
0.182952880859375
0.5695894658565521
0.3792738914489746
0.1628623604774475
0.40182358026504517
0.21245735883712769
0.9469221606850624
0.4563232660293579
0.44301456212997437
0.9742161203175783
0.3209388256072998
0.21178007125854492
0.4021204113960266
0.08260565996170044
0.9544404596090317
0.31818801164627075
0.5183218419551849
0.68043652176857
0.4473332166671753
0.30834972858428955
0.35083335638046265
0.18870437145233154
0.24143946170806885
0.6802291870117188
0.4164489507675171
0.4234633445739746
1.115057185292244
0.5836364924907684
0.2457578182220459
0.40745556354522705
0.396775484085083
0.030423879623413086
0.2756134271621704
0.28839802742004395
1.1188133656978607
0.39520013332366943
0.23289155960083008
0.3790866732597351
0.2679370045661926
0.6246199607849121
0.3791372776031494
0.22551387548446655
0.348480761051178
0.9121343642473221
0.8624703586101532
0.18020415306091309
0.06383240222930908
0.38730818033218384
0.16967248916625977
0.39960211515426636
0.2252669334411621
0.11128401756286621
0.40552353858947754
0.19971245527267456
0.18497097492218018
0.5750058591365814
0.5087689161300659
0.18434858322143555
0.540017306804657
0.3493219017982483
0.28141266107559204
0.41169100999832153
0.16052228212356567
0.14585894346237183
0.36442023515701294
0.26974380016326904
0.20251083374023438
0.25816023349761963
0.4410713315010071
0.26519227027893066
0.2082885503768921
0.5318801403045654
0.06782001256942749
0.5710377991199493
1.19068144261837
0.6604709029197693
0.33514076471328735
0.3731483817100525
0.19645464420318604
0.24796849489212036
0.24181336164474487
0.36974143981933594
0.6862880289554596
0.4201101064682007
0.3650517463684082
0.36070090532302856
0.5558596253395081
0.24508672952651978
0.3009779453277588
0.2612437605857849
0.4982385039329529
0.3661852478981018
0.3198750615119934
0.25512731075286865
0.4746723175048828
0.4052206873893738
0.29765814542770386
0.3881208896636963
0.4878513216972351
0.08093488216400146
0.26688146591186523
0.34528446197509766
0.27735835313796997
0.25662779808044434
0.27543842792510986
0.30368292331695557
0.3884660005569458
0.3630782961845398
0.2053481936454773
0.11544561386108398
0.37583231925964355
0.7018017172813416
0.9755080156028271
0.5864457786083221
0.4209407567977905
0.2843976616859436
0.33589857816696167
0.08878892660140991
0.6544056832790375
0.5385897159576416
0.17742127180099487
0.22613036632537842
0.41778111457824707
0.8660414814949036
0.25489264726638794
0.18367129564285278
0.4020909070968628
0.19614875316619873
0.9659984223544598
0.1319710612297058
0.20120596885681152
1.1105257272720337
0.4019835591316223
0.49844205379486084
0.3881324529647827
0.5291982889175415
0.7094635963439941
0.3390296697616577
0.19898509979248047
0.4738032817840576
0.22691065073013306
0.37569379806518555
0.14682632684707642
0.2236011028289795
0.9077323824167252
0.20642679929733276
0.4747769832611084
0.3608676791191101
0.8587017953395844
0.42244386672973633
0.3563077449798584
0.3620988130569458
1.0444738008081913
0.29281795024871826
0.3430224657058716
0.2719348073005676
0.3347683548927307
0.2822697162628174
0.3492300510406494
0.5619319379329681
0.9903233358636498
0.3446125388145447
0.2338411808013916
0.188038170337677
0.5689221322536469
0.21729683876037598
0.11469316482543945
0.908174678683281
0.18484777212142944
0.6165378987789154
0.17253077030181885
0.221438467502594
0.4702734351158142
0.16297227144241333
0.5804367065429688
0.38334643840789795
0.4525914788246155
0.4248802065849304
0.04599499702453613
0.4794335961341858
0.5454644560813904
0.49014925956726074
0.7983628511428833
0.06445586681365967
0.21673685312271118
0.34824520349502563
0.24535280466079712
0.4307206869125366
0.5588257610797882
0.35712242126464844
0.29042673110961914
0.5133083760738373
0.49056118726730347
0.20274943113327026
0.5498295724391937
0.46292853355407715
0.8498034626245499
0.8921569809317589
0.30450505018234253
1.0903954654932022
0.2689865827560425
0.17963892221450806
0.07566815614700317
0.14851230382919312
0.22309130430221558
0.1720157265663147
0.3216859698295593
0.5875773727893829
0.13854390382766724
0.17200446128845215
0.9376617334783077
0.32807600498199463
0.32020723819732666
0.10228633880615234
0.2726835012435913
0.578925758600235
0.7072691321372986
0.35395216941833496
0.26419395208358765
0.17157912254333496
0.1860026717185974
0.3538755178451538
0.25185656547546387
0.1897042989730835
0.780317097902298
0.1676774024963379
0.21622419357299805
0.32110506296157837
0.6233850717544556
0.3377090096473694
1.0452022217214108
0.5568094551563263
0.6329638063907623
0.3585379719734192
0.34090328216552734
0.999443877430167
0.31640011072158813
0.36658304929733276
0.2305966019630432
0.19832628965377808
0.40869706869125366
0.3315381407737732
0.24810928106307983
0.31945979595184326
0.2737334370613098
0.3730314373970032
0.49297404289245605
0.2738502621650696
0.3003929853439331
0.14117133617401123
0.9222374111413956
1.0805395394563675
0.14496856927871704
0.4354093074798584
0.36024683713912964
0.13018447160720825
0.2150021195411682
0.5418708920478821
0.47469091415405273
0.4369601011276245
0.08816665410995483
0.34984350204467773
0.4703253507614136
0.09341210126876831
0.9869844606146216
0.2667158842086792
0.3309592604637146
0.2654845714569092
0.09249162673950195
0.37721073627471924
0.3599456548690796
0.7599942237138748
0.4463505744934082
0.18332970142364502
0.2798437476158142
0.45354175567626953
0.3984488248825073
0.12143969535827637
0.12179291248321533
0.28625214099884033
0.4713839888572693
0.20519739389419556
0.34099239110946655
0.3354642391204834
0.3957477807998657
0.6309501230716705
0.23777389526367188
0.0957290530204773
0.48702317476272583
0.11131399869918823
0.3158470392227173
0.27897095680236816
0.25593191385269165
0.3449026942253113
0.15188747644424438
0.17671942710876465
0.1962207555770874
0.3611288070678711
0.2638075351715088
0.4361293911933899
0.46619290113449097
0.05279916524887085
0.08264100551605225
0.43346285820007324
0.425944983959198
0.3117736577987671
0.39534634351730347
0.873292937874794
1.1295312643051147
0.1775391697883606
0.374644935131073
0.3464527726173401
0.8542600870132446
0.280037522315979
0.34738707542419434
0.1920536756515503
0.149164617061615
0.1625223159790039
0.408547043800354
0.25312304496765137
0.15011996030807495
0.18206781148910522
0.4542136788368225
0.2850915789604187
0.3511618375778198
0.3293156623840332
0.31270498037338257
0.4266781806945801
0.3126333951950073
0.16596031188964844
0.0872923731803894
0.2196614146232605
0.14254045486450195
0.3839699625968933
0.4335120916366577
0.06081533432006836
0.9345898851752281
0.5064268112182617
0.33837825059890747
0.2613435387611389
0.24521619081497192
0.23033607006072998
1.1643787324428558
1.0571358166635036
0.4634472727775574
0.29765594005584717
0.29949867725372314
0.2740248441696167
0.2006480097770691
0.4811211824417114
0.2030956745147705
0.23247605562210083
0.23993170261383057
0.47829508781433105
0.3310290575027466
0.17643004655838013
0.3369181752204895
0.19883471727371216
0.6822042465209961
0.8649216145277023
0.2999095916748047
0.6163712441921234
0.13892006874084473
0.35479736328125
0.0
0.2202146053314209
0.36044585704803467
0.12240612506866455
0.5954334437847137
0.7006526291370392
0.5171461403369904
0.3598588705062866
0.2927156686782837
0.09082537889480591
0.28449028730392456
0.37110382318496704
0.5445494055747986
0.27071911096572876
0.25209373235702515
0.36115407943725586
0.28686535358428955
0.6851173639297485
0.7069060802459717
0.36191749572753906
0.21942490339279175
0.5610308349132538
0.29663604497909546
0.45031291246414185
0.1667478084564209
0.2709426283836365
0.28353697061538696
1.1721294820308685
0.23288238048553467
0.5235007405281067
1.026883902028203
0.25612151622772217
0.2707903981208801
0.29101771116256714
0.6572695672512054
0.17177343368530273
1.0537641048431396
0.4857628345489502
0.20725595951080322
0.2649373412132263
0.22922325134277344
0.17283177375793457
1.187898427248001
0.8846056535840034
0.35662567615509033
0.3190819025039673
0.7054389119148254
0.12724202871322632
0.1861169934272766
0.30654388666152954
0.25013601779937744
0.35414600372314453
0.30970311164855957
0.464539110660553
0.6019103527069092
0.8541409820318222
0.4872702956199646
0.1242251992225647
0.4402780532836914
0.20375466346740723
0.4392857551574707
0.4243204593658447
0.3485093116760254
0.5601209998130798
0.8481270372867584
0.18139195442199707
0.8907769694924355
0.43002474308013916
0.18365877866744995
0.9866143753752112
0.4938504695892334
0.2831021547317505
0.22706526517868042
0.3654882311820984
0.26983940601348877
0.34486573934555054
0.2338293194770813
0.14438718557357788
0.27841436862945557
0.2703339457511902
0.6873203814029694
0.5358451306819916
0.08714151382446289
0.12158364057540894
0.4191025495529175
0.3039535880088806
0.251362144947052
0.3423105478286743
0.3326396346092224
0.16728419065475464
0.5774233937263489
0.216658353805542
0.82407146692276
0.506555438041687
0.13579517602920532
0.14281702041625977
0.8055148869752884
0.07844996452331543
0.391559898853302
0.14339447021484375
0.3943047523498535
0.23152053356170654
0.13680851459503174
0.6925460398197174
1.1314501613378525
0.6478225886821747
0.37200242280960083
0.7068871557712555
0.2880609631538391
0.18831294775009155
0.5090950131416321
0.5279849767684937
0.27361053228378296
0.09766870737075806
0.30869168043136597
0.39445436000823975
0.4324367046356201
0.42438167333602905
0.5978473424911499
0.7962702214717865
0.32128286361694336
0.1261371374130249
0.3232499957084656
0.17697179317474365
0.45817333459854126
0.5125285983085632
0.22851455211639404
0.4653545022010803
0.32930999994277954
0.15138858556747437
0.4776958227157593
0.2468557357788086
0.226739764213562
0.10201811790466309
0.8383573293685913
0.39690762758255005
0.3686123490333557
0.36913686990737915
0.2414221167564392
0.3166728615760803
0.24549424648284912
0.17710524797439575
0.3867500424385071
0.7660583555698395
0.2824352979660034
0.21471643447875977
0.560655802488327
0.11705881357192993
0.2868550419807434
0.35058534145355225
0.01171034574508667
0.39443129301071167
0.2805335521697998
0.5834376513957977
0.3238813281059265
0.49202674627304077
0.2791687846183777
0.9770658761262894
0.3749850392341614
0.5193795561790466
0.1825447678565979
0.18115246295928955
0.7934225797653198
0.8251625448465347
0.5550410747528076
0.22692084312438965
0.41055744886398315
0.12044137716293335
0.27113717794418335
0.3299282193183899
0.18270254135131836
0.32013291120529175
0.2531167268753052
0.15899157524108887
0.3671681880950928
0.1373584270477295
1.2247978001832962
0.1787126660346985
0.5170159339904785
0.3667462468147278
0.8429387956857681
0.06963998079299927
0.3273993134498596
0.27558010816574097
0.38105660676956177
0.1930924654006958
0.4393885135650635
0.440427303314209
0.3172608017921448
0.25906306505203247
0.1387425661087036
0.2543904185295105
0.25639063119888306
0.504587858915329
0.21880775690078735
0.2769688367843628
0.16726142168045044
0.11815118789672852
0.32472115755081177
0.436851441860199
0.21460747718811035
0.5115679800510406
0.33071863651275635
0.32887035608291626
0.24090194702148438
1.0024967156350613
0.7494727075099945
1.0310198739171028
1.1741478443145752
0.21553432941436768
0.2921590805053711
0.31673693656921387
0.11439430713653564
0.17555487155914307
0.4327217936515808
0.18647432327270508
0.17038899660110474
0.013239800930023193
0.30692505836486816
0.5284886360168457
0.5936665534973145
0.3817213177680969
0.2049505114555359
0.2878605127334595
0.1257135272026062
0.27702832221984863
0.5173923373222351
0.4278152585029602
0.7755863070487976
0.43927693367004395
0.31809061765670776
0.22205615043640137
0.17636799812316895
0.20706087350845337
0.8637884706258774
0.22184830904006958
0.6500559747219086
0.400216281414032
0.14765560626983643
0.154413104057312
0.20561820268630981
0.207602858543396
0.3776639699935913
0.19410860538482666
0.36508774757385254
0.25832992792129517
0.45794713497161865
0.31715190410614014
0.8605904579162598
0.44861769676208496
1.2029629349708557
0.3863115906715393
0.4920194149017334
0.9478142559528351
0.48441755771636963
0.7503284364938736
0.48017746210098267
0.3463590741157532
0.3696434497833252
0.562945544719696
0.5840927958488464
0.3397570252418518
0.2993409037590027
0.23090589046478271
1.0341743528842926
0.3645656704902649
0.20880639553070068
0.4044458866119385
0.2024904489517212
0.4577045440673828
0.17818492650985718
0.6490083038806915
0.15752768516540527
0.5226949453353882
0.27066558599472046
0.30658411979675293
0.2674974799156189
0.1518225073814392
0.29322880506515503
0.2436436414718628
0.26060956716537476
0.5144714415073395
0.7270781695842743
0.4120604991912842
0.19823962450027466
0.18223536014556885
0.33156442642211914
0.2670707106590271
0.2785741090774536
0.2370958924293518
0.2773352861404419
0.8680594861507416
0.18541228771209717
0.24640989303588867
0.8240751177072525
0.19710272550582886
0.22787141799926758
0.24837273359298706
0.7253794074058533
0.0542868971824646
0.23155254125595093
0.2508660554885864
0.22351491451263428
0.18012100458145142
0.22411119937896729
0.9897391516715288
0.19209837913513184
0.614197313785553
0.49426865577697754
0.24922657012939453
0.2232116460800171
0.3297809958457947
0.5293970704078674
0.4937126636505127
0.2396349310874939
0.9652373343706131
0.9750869311392307
0.47299855947494507
0.26149147748947144
0.8010294288396835
0.21532917022705078
0.4261401295661926
0.9130369946360588
0.45260685682296753
0.05320554971694946
0.39929473400115967
0.3556618094444275
0.212152898311615
0.47672271728515625
0.5159882605075836
0.7346420288085938
0.3074473738670349
0.18793237209320068
0.21999269723892212
0.8266236633062363
0.49431920051574707
0.33076924085617065
0.30189865827560425
0.8407425135374069
0.7263747155666351
1.0743864923715591
1.0003945119970012
0.31660783290863037
0.17752104997634888
0.21754252910614014
0.4190981984138489
0.5376602709293365
0.3968721628189087
1.1044827550649643
0.8977323472499847
0.4647687077522278
1.0235980525612831
0.3191370964050293
0.45290541648864746
0.1755770444869995
0.8463926613330841
0.09731078147888184
0.1944243311882019
0.4563831686973572
0.436687171459198
0.27246230840682983
0.19146370887756348
0.4189368486404419
0.2102159857749939
0.10032111406326294
0.1644853949546814
0.44342750310897827
0.8664193451404572
0.35357213020324707
0.30731070041656494
0.4476436376571655
0.3863046169281006
0.33625173568725586
0.3469737768173218
0.13744807243347168
0.3408659100532532
0.40154731273651123
0.4876938462257385
0.638977974653244
0.3206223249435425
0.9175160974264145
0.2634868621826172
0.2980549931526184
0.5966122448444366
0.39236199855804443
0.21425986289978027
0.3117228150367737
0.41717529296875
1.097721427679062
0.2644123435020447
0.8608168810606003
0.2530566453933716
0.28883230686187744
0.29324042797088623
0.14916205406188965
0.22796225547790527
0.4311380982398987
0.39369386434555054
0.8368282318115234
0.2439146637916565
0.34590834379196167
0.3868011236190796
0.3864460587501526
0.5786486864089966
0.611089825630188
0.342365026473999
0.2668539881706238
0.04833388328552246
0.5136438012123108
0.3095511198043823
0.4527997374534607
0.4177784323692322
0.3782005310058594
0.41942113637924194
0.24979716539382935
0.45874661207199097
0.21862083673477173
0.2620505094528198
1.113067016005516
0.8320372253656387
0.6850663125514984
0.5427823066711426
0.4532433748245239
0.08096194267272949
0.2344735860824585
0.3889080882072449
0.13726329803466797
0.28965336084365845
0.41991907358169556
0.20883327722549438
0.1695021390914917
0.3678809404373169
0.5480038523674011
0.4551387429237366
0.19424915313720703
0.08817815780639648
0.73024982213974
0.23759114742279053
0.540852963924408
0.5239238142967224
0.5079896450042725
0.8750541135668755
0.399593710899353
0.39135390520095825
0.4001691937446594
0.5646044313907623
0.8386656641960144
0.16343390941619873
0.09566885232925415
0.38574618101119995
0.2855915427207947
0.6045277714729309
0.5076373219490051
0.7221205234527588
0.514060765504837
0.339272141456604
0.16865521669387817
0.34264135360717773
0.26755350828170776
0.22057193517684937
0.4516705274581909
0.42389410734176636
0.9218244850635529
0.1978561282157898
0.3248273730278015
0.625072181224823
1.0341888405382633
0.1331578493118286
0.4884468913078308
1.1359358429908752
0.5332420170307159
0.9126207828521729
0.9444679282605648
0.17480075359344482
1.0109459375962615
0.27793580293655396
0.19425559043884277
0.14753329753875732
0.4989503026008606
0.253442645072937
0.22311002016067505
0.619633138179779
0.6259687542915344
0.9983419105410576
0.9294050112366676
0.1709778904914856
0.227613627910614
0.10282647609710693
0.7397203147411346
0.29153454303741455
0.2748762369155884
0.24546104669570923
0.2393929362297058
0.19930440187454224
0.34986114501953125
0.2271651029586792
1.0130153521895409
0.2697078585624695
0.49178242683410645
0.18128514289855957
0.33415544033050537
0.28958290815353394
0.8403296172618866
0.3249896764755249
0.1786004900932312
0.07967579364776611
0.28038543462753296
0.33941906690597534
0.2692473530769348
0.27355849742889404
0.3432547450065613
0.434898316860199
0.6499700546264648
0.375737726688385
0.7623118013143539
0.5744766592979431
0.22479277849197388
0.9138385951519012
0.2801635265350342
0.7433047890663147
0.2980915307998657
0.11751943826675415
0.3526662588119507
0.17882031202316284
0.5674123167991638
0.41228681802749634
0.40505629777908325
0.3282151222229004
0.9472631253302097
0.7479075491428375
0.6016338169574738
0.34392815828323364
0.6364415287971497
0.8430090695619583
0.44558417797088623
0.6913100183010101
0.1371409296989441
0.8912979885935783
0.30791664123535156
0.15878301858901978
0.5493079721927643
0.43059056997299194
0.36737674474716187
0.08373880386352539
0.32098066806793213
0.6618727445602417
0.9325423464179039
0.2977691888809204
0.1808186173439026
0.5442984700202942
0.45685553550720215
0.4810221791267395
0.5579025149345398
0.7522625029087067
0.4574930667877197
0.8016669452190399
0.4988255500793457
0.10498672723770142
0.837981104850769
0.25141483545303345
0.1479840874671936
0.9534324146807194
0.28333336114883423
0.5297481119632721
0.22168779373168945
0.6624034643173218
0.3550984859466553
0.20358121395111084
0.2999555468559265
0.40773606300354004
1.0575054287910461
0.4033488631248474
0.5035666525363922
1.1134579926729202
0.5074944496154785
0.4457758069038391
0.5826568305492401
0.2993224859237671
0.252066969871521
1.105103224515915
0.43101537227630615
0.1860969066619873
0.18524599075317383
0.8712476789951324
0.2506027817726135
0.294711709022522
0.37522125244140625
0.18594682216644287
0.30556851625442505
0.34040313959121704
0.2934751510620117
0.2047182321548462
0.5418766140937805
0.6879980266094208
0.1059114933013916
0.5402485430240631
0.3962879180908203
0.3368651866912842
0.42805784940719604
0.46560317277908325
1.013824031688273
0.2843976616859436
0.17003029584884644
1.0598669834434986
0.9906435934826732
0.4000853896141052
0.9183498844504356
0.252704918384552
0.23900914192199707
0.6121181547641754
0.33661341667175293
0.5688822865486145
0.4469906687736511
0.6265654861927032
0.4370865821838379
0.2573609948158264
0.30153536796569824
0.2860181927680969
0.567190021276474
0.09053069353103638
0.14657378196716309
0.21613866090774536
0.545447826385498
0.09402239322662354
0.6144876778125763
0.06441420316696167
0.12486851215362549
1.1588314324617386
0.6460840106010437
0.7826702445745468
0.19623953104019165
0.20790064334869385
0.20373213291168213
0.18977725505828857
0.5300472974777222
0.39783966541290283
0.27945226430892944
0.19236844778060913
0.20530658960342407
0.43184465169906616
0.22796738147735596
0.6787282228469849
0.16331779956817627
0.5981665849685669
0.532071590423584
0.5085986256599426
0.11346107721328735
0.4395568370819092
0.7467113137245178
0.4120327830314636
0.2845940589904785
0.29147130250930786
0.13548672199249268
0.3958495259284973
0.5979924499988556
0.29503166675567627
0.4082998037338257
0.8380056172609329
0.727018266916275
0.2578234076499939
0.33834022283554077
0.2258508801460266
0.31474339962005615
0.12741726636886597
0.2293822169303894
0.37390220165252686
0.9694648794829845
0.3876916766166687
0.3082473874092102
0.3464125394821167
0.22445303201675415
0.26969343423843384
0.41501063108444214
0.21452641487121582
0.41534942388534546
0.2657095193862915
0.09044605493545532
0.3935258388519287
0.39289629459381104
0.3734564781188965
0.5681008994579315
0.4612962603569031
0.08230280876159668
0.8946007639169693
0.5789811313152313
0.381156325340271
0.29226595163345337
0.41732245683670044
0.21158552169799805
0.18909454345703125
0.261957049369812
0.1834527850151062
0.4464155435562134
0.5100609362125397
0.055788516998291016
0.6256302893161774
0.31749671697616577
0.4786279797554016
0.19777774810791016
0.8039238750934601
0.33520007133483887
0.31947070360183716
0.34595412015914917
0.07001245021820068
0.32800549268722534
0.05576270818710327
0.3707313537597656
0.4351033568382263
0.37044501304626465
0.08198928833007812
0.4204733371734619
0.3719254732131958
0.3041258454322815
0.34139615297317505
0.9320347607135773
0.39192360639572144
0.6921366751194
0.29530131816864014
0.2981705069541931
0.41356199979782104
0.3579469323158264
0.4335782527923584
0.43516021966934204
0.7093676924705505
0.6253385543823242
0.5002017617225647
0.3166962265968323
0.44014304876327515
0.47345787286758423
0.06423139572143555
0.09964901208877563
0.4162401556968689
0.4887769818305969
0.18571323156356812
0.17570221424102783
0.8773744255304337
0.24391663074493408
0.3846750855445862
0.35047924518585205
0.17166614532470703
1.0102419033646584
0.2919864058494568
0.21071547269821167
0.28930580615997314
0.364210844039917
0.38569146394729614
0.45977407693862915
0.16370069980621338
0.5395280122756958
0.5871173143386841
0.29878485202789307
0.29742342233657837
0.8421533107757568
0.3748866319656372
1.1595126390457153
0.7263479232788086
0.33083605766296387
0.2536601424217224
0.7008922696113586
0.131000816822052
0.27903836965560913
0.5082665681838989
0.43152421712875366
0.3848757743835449
0.8073926419019699
0.16655296087265015
0.26976650953292847
0.23682069778442383
0.9468475468456745
0.3352506160736084
0.865927442908287
0.30703985691070557
0.10999387502670288
1.0287555921822786
0.1436029076576233
0.9230388775467873
0.4184548854827881
0.12603521347045898
0.1891038417816162
0.9904269957914948
0.325730562210083
0.3152282238006592
0.07464241981506348
0.05719757080078125
0.6769722998142242
0.5422760546207428
0.3107868432998657
1.0960625186562538
0.07322150468826294
1.0654631033539772
0.38311684131622314
0.258838415145874
0.3621085286140442
0.2988211512565613
0.4123991131782532
0.29204005002975464
0.8306071758270264
0.2532517910003662
0.3815985918045044
0.3265848755836487
0.23496496677398682
0.4472596049308777
0.2513852119445801
0.4742383360862732
0.21653801202774048
0.08127701282501221
0.2546766400337219
0.6185490489006042
1.1826466619968414
0.16791707277297974
0.1864778995513916
0.4124302268028259
0.44528669118881226
0.3442855477333069
0.42085474729537964
0.4751995801925659
0.2894916534423828
0.4272782802581787
0.33291661739349365
0.6459052860736847
0.09085023403167725
0.36287516355514526
0.6572427451610565
0.32340574264526367
1.1361998915672302
0.36797600984573364
0.2296215295791626
0.7734003067016602
0.1750693917274475
0.4506102204322815
0.8366898894309998
0.10638755559921265
0.14868807792663574
0.21578282117843628
0.23104548454284668
0.771493673324585
0.3670569062232971
0.06140333414077759
0.25775325298309326
0.2272292971611023
0.8193734139204025
0.6118136942386627
0.2642287611961365
0.26466089487075806
0.238059401512146
0.39750057458877563
0.19204074144363403
0.21184873580932617
0.13509726524353027
0.29967862367630005
0.3957477807998657
0.2835448980331421
0.2331104874610901
0.2343994379043579
0.3762279152870178
0.3183479309082031
0.6892894804477692
0.4029277563095093
0.6245333552360535
0.14930510520935059
0.4907774329185486
0.24147409200668335
0.22160083055496216
0.3394027352333069
0.6401120722293854
0.41106516122817993
0.45145201683044434
0.3254172205924988
0.7565167844295502
0.36642932891845703
0.354725182056427
0.1374112367630005
0.2687077522277832
0.40034788846969604
0.5101807415485382
0.4372902512550354
0.6416259109973907
0.5349403619766235
0.26251649856567383
0.4018774628639221
0.3557850122451782
0.7383009195327759
0.1094023585319519
0.1983930468559265
0.20341044664382935
0.11055779457092285
0.1647169589996338
0.27337646484375
0.48379677534103394
0.22312712669372559
0.21812951564788818
0.207189679145813
0.2536255121231079
0.2907065749168396
0.2620972990989685
0.19248062372207642
0.775212749838829
0.2965582013130188
0.16413623094558716
0.25014179944992065
0.1321190595626831
0.0936119556427002
0.17131900787353516
0.4331591725349426
0.6774262189865112
0.3102496862411499
0.2831534743309021
0.334316611289978
0.34356987476348877
0.27111929655075073
0.9902988933026791
0.327786386013031
0.6700311005115509
0.6911707818508148
0.5542075335979462
0.9415874406695366
0.17080050706863403
0.6363574862480164
0.9927908033132553
0.3174808621406555
0.24876481294631958
0.2556867003440857
0.29095757007598877
0.37388157844543457
0.17196112871170044
0.2936931848526001
0.4196890592575073
0.3380626440048218
0.6724822223186493
0.3632504940032959
0.5639817118644714
0.9742655493319035
0.20218729972839355
0.3125857710838318
0.27933359146118164
0.2403045892715454
0.23975884914398193
0.22807323932647705
0.15013664960861206
0.29018235206604004
0.19325917959213257
0.46124398708343506
0.5009671747684479
0.6746986210346222
0.33852195739746094
0.37875962257385254
0.2728230357170105
0.3636958599090576
0.39075130224227905
0.17121225595474243
0.3471810817718506
0.3037227392196655
0.24148046970367432
0.3456757068634033
0.30130213499069214
0.5027382969856262
1.0522089302539825
0.5405293703079224
0.597857803106308
0.2098296880722046
1.0676137283444405
0.3040756583213806
0.9178569987416267
0.284273624420166
0.6487320065498352
1.0871441438794136
0.28591710329055786
0.4467048645019531
0.4774847626686096
0.30422550439834595
0.3939931392669678
1.1064713150262833
0.2370094656944275
0.27597200870513916
0.3101764917373657
0.14149034023284912
0.299904465675354
0.29999005794525146
0.2413509488105774
0.1599111557006836
0.4538434147834778
0.49338656663894653
0.7726107835769653
0.3430057764053345
0.3481180667877197
0.259197473526001
0.7250785827636719
0.10318136215209961
0.17257165908813477
0.3527914881706238
0.22068482637405396
1.1215999200940132
1.0294664297252893
0.42427146434783936
0.06722664833068848
0.7103778123855591
0.2824742794036865
0.30917996168136597
0.590386837720871
0.1290804147720337
0.31375962495803833
0.804301530122757
0.09770923852920532
0.10295897722244263
0.9770138841122389
0.564164400100708
0.509563148021698
0.30119097232818604
0.4365255832672119
0.2874875068664551
0.327009916305542
0.2794373631477356
0.38045257329940796
0.6761526167392731
0.7022184431552887
0.2285698652267456
0.16048270463943481
0.13900262117385864
0.891596645116806
0.2828361988067627
0.2876180410385132
0.759474515914917
0.24313628673553467
0.31852948665618896
0.26767516136169434
0.2869231104850769
0.6987453699111938
0.22153854370117188
0.2871696352958679
0.5603933930397034
0.13165122270584106
0.36456209421157837
0.15380018949508667
0.6206919550895691
0.22576779127120972
0.24095779657363892
0.3083956241607666
0.39130115509033203
0.3487017750740051
0.9627757892012596
0.2772233486175537
1.0400123745203018
0.12726271152496338
0.3118927478790283
0.2621140480041504
0.3872697353363037
0.28879719972610474
0.17435353994369507
1.0949804335832596
0.4994620680809021
0.5207113325595856
0.6841131448745728
0.4369463324546814
0.25929081439971924
0.4222167730331421
0.21654748916625977
0.2112993597984314
0.28063303232192993
0.9154249206185341
0.25462692975997925
0.25693970918655396
0.2989978790283203
0.18787020444869995
0.399796724319458
0.41572827100753784
0.39157116413116455
0.37631869316101074
0.5226511061191559
0.6563799679279327
0.29978978633880615
0.23371922969818115
0.8249828070402145
0.3640689253807068
0.22216486930847168
0.33627283573150635
0.3709453344345093
0.3497812747955322
0.423633337020874
0.14665091037750244
0.235528826713562
0.5670952498912811
0.7478582561016083
0.19645649194717407
0.3656194806098938
0.3501530885696411
0.4458848237991333
0.17640459537506104
1.0152924600988626
0.3502888083457947
0.20729660987854004
0.3346779942512512
0.5381148755550385
0.2652356028556824
0.6861971616744995
0.211897611618042
0.5074715912342072
0.44273436069488525
0.33571094274520874
0.5529745221138
0.3352695107460022
0.4233219027519226
0.3123205304145813
0.1708008050918579
0.2966013550758362
0.1805208921432495
0.26324206590652466
0.21714997291564941
0.2394733428955078
0.32465076446533203
0.3844130039215088
0.19318491220474243
0.5089694261550903
0.44384294748306274
0.4825398921966553
0.1741788387298584
0.5381885170936584
0.19430267810821533
0.4460761547088623
0.21500307321548462
0.3314821124076843
0.5855952501296997
0.4302690029144287
0.39069223403930664
1.0600191988050938
0.2341015338897705
0.25620728731155396
0.2754131555557251
0.1625303030014038
0.45109015703201294
0.8088918179273605
0.2368043065071106
0.49050456285476685
0.7726092636585236
0.16646873950958252
0.3118009567260742
1.1123344227671623
0.32087069749832153
0.24247294664382935
0.9506527781486511
0.10467797517776489
0.4463719129562378
0.8750968277454376
0.5098589658737183
0.689344048500061
0.3544301986694336
0.1923917531967163
0.10262364149093628
0.8195659816265106
0.16030091047286987
0.3217887282371521
0.7359919846057892
0.2719627618789673
0.3860299587249756
0.4090624451637268
0.16295260190963745
0.20720559358596802
0.3233528733253479
0.32223403453826904
0.5339621901512146
0.3067464232444763
0.1834915280342102
0.4144570231437683
0.47370314598083496
0.8688384890556335
0.7070852816104889
0.3601558208465576
0.24425578117370605
0.6026536524295807
0.173944354057312
0.43298327922821045
0.21902811527252197
0.3410075306892395
0.7151744365692139
0.3253171443939209
0.275699257850647
0.3463982343673706
0.4504011869430542
0.45094966888427734
0.08155041933059692
0.9360594749450684
0.9779935032129288
0.20475763082504272
0.2899512052536011
0.5058707594871521
0.4438965320587158
0.15955621004104614
0.2804168462753296
0.4679730534553528
0.518787294626236
0.4369792938232422
0.8576779365539551
0.7965353429317474
0.27659446001052856
0.46536219120025635
0.4939224123954773
0.39222753047943115
0.7234724164009094
0.445453405380249
0.3475648760795593
0.3388098478317261
0.4978259801864624
1.022638602182269
0.2321476936340332
0.2759861350059509
0.3928743004798889
0.3508351445198059
0.17376196384429932
0.37201762199401855
0.9324349984526634
0.3902638554573059
0.22127223014831543
0.710896760225296
0.2977496385574341
0.49847090244293213
0.22190284729003906
0.22991728782653809
0.6113392114639282
0.4099390506744385
0.3240169882774353
0.07474720478057861
0.9844289440661669
0.17622804641723633
0.18558019399642944
0.41312408447265625
0.5788501501083374
0.3359452486038208
0.24253183603286743
0.29336076974868774
0.20904886722564697
0.31136423349380493
0.4312911033630371
0.2941098213195801
0.9457844011485577
0.2424958348274231
0.4122133255004883
0.1967940330505371
0.23521310091018677
0.2590978145599365
0.6608866155147552
0.12038302421569824
0.09180015325546265
0.16888713836669922
0.16814708709716797
0.6074488461017609
0.13673824071884155
0.2181849479675293
0.14415264129638672
0.3299148678779602
0.11368763446807861
0.16258424520492554
1.0769869163632393
0.7014943957328796
0.3821287155151367
0.4484553933143616
0.1325533390045166
0.24623864889144897
0.4562503695487976
1.0456754304468632
0.6945107281208038
0.20523011684417725
0.27764999866485596
0.23594284057617188
0.4042959213256836
0.334603488445282
0.4133785367012024
0.32054680585861206
0.09208285808563232
0.16792404651641846
0.11417549848556519
0.4551275372505188
0.32789015769958496
0.11667877435684204
0.4516969919204712
0.6166245341300964
0.511466920375824
0.3449733853340149
0.7967703193426132
0.17742180824279785
0.214185893535614
0.3220024108886719
0.37160223722457886
0.9930276591330767
0.5555006563663483
0.21416765451431274
0.7863328158855438
0.4104717969894409
0.84781813621521
0.4964948296546936