0.47999048233032227
0.28772109746932983
0.10416209697723389
0.2834371328353882
0.25463181734085083
0.6969091892242432
0.48199450969696045
0.19241183996200562
1.0577610544860363
0.4486575722694397
0.48879802227020264
0.5306817889213562
0.20425069332122803
0.3365177512168884
0.5430594682693481
0.4244598150253296
0.950863029807806
0.27901047468185425
0.3069244623184204
0.36437463760375977
0.5667731761932373
0.2608445882797241
0.2653452157974243
0.41679102182388306
0.5516029596328735
0.37407785654067993
0.05585968494415283
0.3405976891517639
0.3266395330429077
0.8965163081884384
0.2690269351005554
0.7776665091514587
0.4087989330291748
0.20464563369750977
0.2731937766075134
0.7776937037706375
0.5980386435985565
1.0084523148834705
0.12634927034378052
0.16237986087799072
0.1901228427886963
1.004799596965313
0.3428744077682495
0.4981456995010376
0.3162131905555725
0.27246761322021484
0.11374920606613159
0.4470822215080261
0.26163774728775024
0.4135116934776306
0.22299528121948242
0.12337708473205566
0.22254574298858643
0.8087473958730698
0.2769324779510498
0.4788625240325928
0.3312683701515198
0.17820048332214355
0.28090035915374756
0.40943366289138794
0.17374229431152344
0.28741663694381714
0.3500725030899048
1.1355270147323608
0.218644917011261
0.19203239679336548
0.9591637179255486
0.5232570767402649
0.16868555545806885
0.28439903259277344
0.3816198706626892
0.5519267022609711
0.8956802040338516
0.5418742895126343
0.10744816064834595
0.4620674252510071
0.37604546546936035
0.763557955622673
0.30183327198028564
0.32341235876083374
0.384368360042572
0.3733671307563782
0.3527945876121521
0.33764100074768066
0.4197506308555603
0.21906471252441406
0.3110315203666687
0.24391478300094604
1.0207048244774342
0.29296356439590454
0.1401844620704651
0.20206260681152344
0.3788210153579712
0.4907597303390503
0.33432888984680176
0.4646020531654358
0.18395346403121948
0.3023163676261902
0.7432881295681
0.8700710088014603
1.042686566710472
0.37803488969802856
0.48939335346221924
0.2549477219581604
0.37965214252471924
0.4388424754142761
0.22939848899841309
0.15421074628829956
0.18941497802734375
0.2513620853424072
0.3380889892578125
0.23775333166122437
0.8946341127157211
0.1776489019393921
0.7413092851638794
0.41401761770248413
0.862913504242897
0.15941965579986572
0.4297865629196167
0.4852374792098999
0.15741205215454102
0.38342392444610596
0.1902262568473816
0.11322081089019775
1.0723984315991402
0.26503151655197144
0.2556804418563843
0.146154522895813
0.26363664865493774
0.1874328851699829
0.34254634380340576
0.4690701961517334
0.16602098941802979
0.3789783716201782
0.3290811777114868
0.23072969913482666
0.2024891972541809
0.5281243324279785
0.3420160412788391
0.5690675675868988
0.35450708866119385
0.3650239109992981
0.0950590968132019
0.33442336320877075
0.3265388607978821
0.19297897815704346
0.3915278911590576
0.2939074635505676
0.3106381893157959
0.13478249311447144
0.2974860668182373
0.3251960873603821
0.47280895709991455
1.0303307492285967
0.5468579232692719
0.3115512728691101
0.936720572412014
0.8912321478128433
0.8331607431173325
0.17042803764343262
0.4284456968307495
0.32859522104263306
0.3509470224380493
0.23045074939727783
0.3954423666000366
0.29869532585144043
0.25933516025543213
0.3514236807823181
1.0074454862624407
0.3430989384651184
0.21818244457244873
0.9865055866539478
0.7376443147659302
0.528771162033081
0.6325535178184509
0.18879801034927368
0.32529163360595703
0.9237660318613052
0.4824516177177429
0.3193875551223755
0.2909785509109497
0.09604722261428833
0.3153873682022095
0.6174487173557281
0.42975854873657227
0.6352654993534088
0.5625543594360352
0.5433447360992432
0.43617749214172363
0.20799922943115234
0.1301640272140503
0.20547044277191162
0.18475550413131714
0.26190871000289917
0.17872869968414307
0.1768854260444641
0.4998115301132202
0.310275673866272
0.28623974323272705
0.4086846709251404
0.6118060648441315
0.2831193208694458
0.24423712491989136
0.09706014394760132
0.11369979381561279
0.6533098816871643
0.38103199005126953
0.4334586262702942
0.3738807439804077
0.3565082550048828
0.13082587718963623
0.5710185170173645
0.4316282868385315
0.341633677482605
0.3942623734474182
0.25981342792510986
0.30077314376831055
0.13090556859970093
0.4336283802986145
0.2592260241508484
0.88676967471838
0.255672812461853
0.5058208703994751
0.5398841202259064
0.2719930410385132
0.4954214096069336
0.2452111840248108
0.32270413637161255
0.3279595971107483
0.9806244727224112
0.14380431175231934
0.4691166877746582
0.10223984718322754
0.2656254172325134
0.3206225037574768
0.2463969588279724
0.3406880497932434
0.17655974626541138
0.09813857078552246
1.0645430013537407
0.40127795934677124
0.48675304651260376
0.14535093307495117
0.4379276633262634
0.12145912647247314
0.27665096521377563
0.38218581676483154
0.24298125505447388
0.3887155055999756
0.10388964414596558
0.5944381356239319
0.1956496238708496
0.13000673055648804
0.2406764030456543
0.26208847761154175
0.7221227288246155
0.212110698223114
0.1475096344947815
0.2616211175918579
0.2761008143424988
0.7435117363929749
0.6042082011699677
0.24097436666488647
0.07927089929580688
0.7954591065645218
0.5824008584022522
0.18665069341659546
0.3418441414833069
0.5455763041973114
0.10410332679748535
0.3499258756637573
0.4206621050834656
0.308066725730896
0.5102806091308594
0.24437296390533447
0.4634106159210205
0.1723206639289856
0.3693522810935974
0.5066481530666351
0.14604556560516357
0.66675665974617
0.46442294120788574
0.22909849882125854
0.4463309645652771
0.8335214108228683
0.5679192543029785
0.5318019390106201
0.23034930229187012
0.6458092927932739
0.2638513445854187
0.8193774819374084
0.32475781440734863
0.3615453243255615
0.3321020007133484
0.19666826725006104
0.30636370182037354
0.3318360447883606
0.2404181957244873
0.2636241912841797
0.3217058777809143
0.22949600219726562
0.22565597295761108
0.21837067604064941
0.29986876249313354
0.306399405002594
0.39139610528945923
0.28489065170288086
0.341152548789978
0.6511157751083374
0.7679995745420456
0.18557244539260864
0.5143496692180634
0.29690343141555786
0.5392441749572754
0.3373262882232666
0.8722914457321167
0.38493889570236206
0.17922961711883545
0.3415706157684326
0.3751065731048584
0.3137974739074707
0.44470304250717163
0.38753753900527954
0.17368769645690918
0.49968618154525757
1.0898908004164696
0.2987978458404541
0.3235536217689514
0.46944642066955566
0.31833887100219727
0.33090096712112427
0.09866780042648315
0.8915101289749146
0.6354392170906067
0.3340274691581726
0.6294239461421967
0.5125061571598053
0.2964283227920532
0.28005415201187134
0.1519208550453186
0.354397177696228
0.5730400383472443
0.48966342210769653
0.23699861764907837
0.37710046768188477
0.3320971131324768
0.17418766021728516
0.24689579010009766
0.3676043748855591
0.9736386779695749
0.40701162815093994
0.4657691717147827
0.1551387906074524
0.2146397829055786
0.11214309930801392
0.26864415407180786
0.2962868809700012
0.4946795701980591
0.15758925676345825
0.24935060739517212
0.6155792474746704
0.2532339096069336
0.44547945261001587
0.3470894694328308
0.3292640447616577
0.3093717694282532
0.6344049274921417
0.2771952748298645
0.4783152937889099
0.3151646852493286
0.831006333231926
0.3594040274620056
0.9388127811253071
0.2904650568962097
0.3958326578140259
0.179254949092865
0.3705861568450928
0.2915611267089844
0.25668883323669434
0.3500308394432068
0.3716880679130554
0.27837538719177246
0.20283305644989014
0.3733421564102173
0.29667091369628906
0.19025832414627075
0.5301532447338104
0.20707708597183228
0.42895257472991943
0.1833539605140686
0.02917271852493286
0.6222719550132751
0.21498924493789673
0.21069133281707764
0.38687652349472046
0.466933012008667
0.38674092292785645
0.36603492498397827
0.20307761430740356
0.24678468704223633
0.9297472611069679
0.051576197147369385
0.9670587033033371
0.49584925174713135
0.2602914571762085
0.4011761546134949
0.7258682548999786
0.19583678245544434
0.31643545627593994
0.2308829426765442
0.38815414905548096
0.34558379650115967
0.8502677828073502
0.7402714192867279
0.376361608505249
1.037664271891117
0.3350391983985901
0.2159726619720459
0.20494306087493896
0.2679843306541443
0.5669913589954376
0.3856368064880371
0.12801367044448853
0.08620738983154297
0.20476984977722168
0.17052942514419556
0.20713329315185547
0.1855829358100891
0.41129666566848755
0.21131330728530884
0.48568451404571533
0.9731011558324099
0.3118628263473511
0.14571666717529297
0.27769434452056885
0.07900947332382202
0.19008147716522217
0.47804754972457886
0.6486387550830841
0.43220382928848267
0.33820635080337524
0.7704332321882248
0.2035285234451294
0.4125216603279114
0.45762258768081665
0.15608429908752441
0.46607232093811035
0.28241419792175293
0.8781030178070068
0.14897149801254272
0.40644562244415283
0.06969267129898071
0.22585445642471313
0.4103626012802124
0.334489107131958
0.4355781078338623
0.3508387804031372
0.23487085103988647
0.5928320586681366
0.09966039657592773
0.20928406715393066
0.17759108543395996
1.0364467576146126
0.9903632756322622
0.3058229088783264
0.26920366287231445
0.19884735345840454
1.1176010817289352
0.521792858839035
0.2940841317176819
0.2157168984413147
0.47006481885910034
0.2026403546333313
0.2773970365524292
0.19642436504364014
0.226129412651062
0.11335021257400513
0.4041697382926941
0.06445300579071045
1.023998649790883
0.16766154766082764
0.19190645217895508
0.09318482875823975
0.22512513399124146
0.19895505905151367
1.101726159453392
0.3423416018486023
0.267297625541687
0.8569207191467285
0.1756717562675476
0.6547249257564545
0.8150599151849747
0.848061814904213
0.3792880177497864
0.3944445252418518
0.189006507396698
0.4363096356391907
0.655943751335144
0.6845930516719818
0.14707237482070923
1.0323772057890892
0.33904528617858887
0.6772758066654205
1.0530918017029762
0.6936033964157104
0.24868571758270264
0.41955244541168213
0.5866393744945526
0.7279902994632721
0.20526808500289917
0.6468132734298706
0.23452717065811157
0.10197335481643677
0.6157828271389008
0.9094111025333405
0.20627278089523315
0.49999481439590454
0.7252703905105591
0.48331040143966675
0.11016547679901123
1.101116955280304
0.3977245092391968
1.127101093530655
0.3345397710800171
0.4644228219985962
0.8214295953512192
0.0938650369644165
0.3859959840774536
0.31132984161376953
0.6258879005908966
0.5755972564220428
0.2465595006942749
0.10137981176376343
0.781587764620781
0.5153893530368805
0.4413660168647766
0.9516075365245342
0.1575450897216797
0.8578394204378128
0.5491093993186951
0.23250967264175415
0.451388418674469
0.14964520931243896
0.5348497927188873
0.2288638949394226
0.8179624974727631
0.4695090651512146
0.2568114399909973
0.266961932182312
0.40479332208633423
0.906173586845398
0.16382092237472534
0.22252321243286133
0.4478880763053894
0.35733455419540405
0.9849801762029529
0.355859637260437
0.11594289541244507
0.36379992961883545
1.0370175763964653
0.5746387243270874
0.13633370399475098
0.23843973875045776
0.16538649797439575
0.3323667645454407
0.5630261301994324
0.27770376205444336
0.3417322039604187
0.16109883785247803
0.9580476842820644
0.42236530780792236
0.239709734916687
0.39237022399902344
0.33452272415161133
0.30611032247543335
0.279319703578949
0.3299439549446106
0.4275839924812317
0.2128586769104004
0.5185423493385315
0.5551414787769318
0.27105438709259033
0.5094848275184631
0.13749366998672485
0.1802268624305725
0.26523542404174805
0.137592613697052
0.3756955862045288
0.3396417498588562
0.5070928931236267
0.20971059799194336
0.4864986538887024
0.1987573504447937
0.3437354564666748
0.8960305824875832
0.8192922621965408
0.38429737091064453
0.05596339702606201
0.20743030309677124
0.1507176160812378
0.21841037273406982
0.2057110071182251
0.1936579942703247
0.6421623826026917
0.7605263739824295
0.2505195140838623
0.333204448223114
0.25806427001953125
0.13409548997879028
0.34971189498901367
0.1876499056816101
0.36532318592071533
0.5225176215171814
0.6332731544971466
1.0710186064243317
0.3388105034828186
0.3673917055130005
0.9823414422571659
0.9604542963206768
0.2038184404373169
0.4271191358566284
0.27371662855148315
0.3390716314315796
0.4513428211212158
0.10820192098617554
0.23436123132705688
0.24331462383270264
0.2869369387626648
0.29756641387939453
0.7026188969612122
0.3689879775047302
0.31590068340301514
0.19131773710250854
0.3474343419075012
0.15763098001480103
0.15852344036102295
0.41232526302337646
0.2132393717765808
0.9101313650608063
0.6972187757492065
0.20835155248641968
1.1901725232601166
0.320766806602478
0.26319628953933716
0.3780040740966797
0.3227747678756714
1.2591366469860077
0.8186362385749817
0.35082197189331055
0.2270222306251526
0.2289261817932129
0.06636214256286621
0.11235833168029785
0.20720666646957397
0.6188713312149048
0.8687506020069122
0.3047218322753906
0.7213345170021057
0.8550245612859726
0.504346489906311
0.9880894105881453
0.23979181051254272
0.3700646758079529
0.8813926354050636
0.3103799819946289
0.6799977421760559
0.2427767515182495
0.4469090700149536
0.2570761442184448
0.4973147511482239
0.3376176953315735
0.17304730415344238
0.4917709231376648
0.46228736639022827
1.1805018186569214
0.26043927669525146
0.26685982942581177
0.27201396226882935
0.5466755032539368
0.4783400893211365
0.39462512731552124
0.5498308539390564
0.12687474489212036
0.704013854265213
0.20190197229385376
0.35941916704177856
0.2856132388114929
0.1209646463394165
0.3212510347366333
0.23058485984802246
0.3212023377418518
0.5568033158779144
0.3772425651550293
1.1695791631937027
0.3389075994491577
0.4451388716697693
0.05216878652572632
0.2584220767021179
0.19120407104492188
0.3643694519996643
0.1441928744316101
0.5084010362625122
1.0370884463191032
0.20665031671524048
0.9945260821841657
0.9003822207450867
0.40324604511260986
0.6829787194728851
0.3745388984680176
0.15697741508483887
0.21776527166366577
0.24325871467590332
0.25657594203948975
0.2176673412322998
0.1154831051826477
0.1576690673828125
0.34004873037338257
0.7234973907470703
0.6314139366149902
0.1467573642730713
0.4510881304740906
0.3033534288406372
0.39835649728775024
0.19938790798187256
0.3154091238975525
0.8841632902622223
1.0442302003502846
0.28278815746307373
0.2356168031692505
0.35198259353637695
0.09111297130584717
0.24511808156967163
0.4609110951423645
0.5133258104324341
0.4019678235054016
0.08970743417739868
0.2358713150024414
0.23860037326812744
0.6643736660480499
0.395141065120697
0.27950096130371094
0.4033992886543274
0.0897710919380188
0.13101857900619507
0.6325716078281403
0.4508601427078247
0.3943660259246826
0.5615370869636536
0.3051674962043762
0.26211172342300415
0.3174881935119629
0.605930745601654
0.20434534549713135
0.196560800075531
0.6109599471092224
0.5194410085678101
0.29456883668899536
0.300658643245697
0.06920278072357178
0.44966334104537964
0.29666465520858765
0.5801949501037598
0.40118175745010376
0.45310550928115845
0.46227550506591797
0.4038597345352173
0.4197026491165161
0.3118048906326294
0.24902713298797607
0.3988977074623108
0.2933381199836731
0.604977011680603
0.3716980814933777
0.3124815821647644
0.08453351259231567
0.26714372634887695
0.22098922729492188
0.5199246406555176
0.7074595093727112
0.24237346649169922
0.4702720642089844
0.4044153690338135
0.21678030490875244
0.31270933151245117
0.5581524074077606
0.4965549111366272
0.4456237554550171
0.5710096061229706
0.44368457794189453
0.7035228312015533
0.1141824722290039
0.19413739442825317
0.16621190309524536
0.20671266317367554
0.19913053512573242
0.7309155464172363
0.45381492376327515
0.28590428829193115
0.24638450145721436
0.2753872871398926
0.5684975981712341
0.04641127586364746
0.267860472202301
0.8503172397613525
0.3900396227836609
0.16041743755340576
0.18695521354675293
0.33527493476867676
0.7059307992458344
0.2810533046722412
0.26809781789779663
0.18058806657791138
0.25553858280181885
0.6896139085292816
0.3211863040924072
0.6105200946331024
0.6936830878257751
0.31275641918182373
0.2907080054283142
0.2518863081932068
0.6993293762207031
0.9280724823474884
0.2585344910621643
0.3630315661430359
0.20174741744995117
0.44252604246139526
0.7260448932647705
0.12119197845458984
0.4630146026611328
0.24847781658172607
0.1492285132408142
0.24873429536819458
0.4928215742111206
0.609636664390564
0.9614308625459671
0.11561650037765503
0.3816729784011841
0.27260249853134155
0.6853485405445099
0.29213976860046387
0.2040688395500183
0.274311363697052
0.22020983695983887
0.4952227473258972
0.43715357780456543
0.5163148045539856
0.2398592233657837
0.1388949155807495
0.9014433771371841
0.19588983058929443
0.699476033449173
0.113300621509552
0.33435750007629395
0.47432005405426025
1.081031583249569
0.2815939784049988
0.6476587355136871
0.14031225442886353
0.33734166622161865
0.3679618239402771
0.18166625499725342
0.11698931455612183
0.4933953881263733
0.31337881088256836
0.19605648517608643
0.38782286643981934
0.2051979899406433
0.10683822631835938
0.5959866642951965
0.1979997158050537
0.1395825743675232
0.16051697731018066
0.2554098963737488
0.5131998360157013
0.25156837701797485
0.3675939440727234
0.3627086281776428
0.4274093508720398
0.4048924446105957
0.18240982294082642
0.5601312220096588
0.21599727869033813
0.7845219075679779
0.22537249326705933
0.21013259887695312
0.30498772859573364
0.0615503191947937
1.021982192993164
0.26898401975631714
0.8884227499365807
0.3188652992248535
0.1853354573249817
0.24099504947662354
0.43700236082077026
0.252249538898468
0.3637850284576416
0.41951268911361694
0.18718987703323364
0.25748300552368164
0.14656764268875122
1.0724640041589737
0.1250024437904358
0.276965856552124
0.38514822721481323
0.5477834343910217
0.32173264026641846
0.4385761022567749
0.3971381187438965
0.8752212822437286
0.16999304294586182
0.20492172241210938
0.2796505093574524
0.2853930592536926
0.258978009223938
0.43823790550231934
0.32059288024902344
0.7305440604686737
0.2619199752807617
0.3646053075790405
0.1995309591293335
0.1433037519454956
0.959105521440506
0.18217605352401733
0.2843117117881775
0.16150057315826416
0.21266686916351318
0.28820186853408813
0.16745525598526
0.348771870136261
0.4131259322166443
0.8719744682312012
0.3169206976890564
0.3993492126464844
0.43470054864883423
0.5242852568626404
0.4781385660171509
0.10161149501800537
0.6000516414642334
0.37446433305740356
0.2769625782966614
0.32075369358062744
0.256183385848999
0.30643904209136963
0.24450236558914185
0.3310527801513672
0.4225737452507019
0.15668833255767822
0.18854767084121704
0.13609659671783447
0.8781444206833839
0.49032628536224365
0.3686785101890564
0.11460095643997192
0.6517249941825867
0.5540362596511841
0.18440157175064087
0.21896469593048096
0.3447189927101135
0.2980964183807373
0.5835074186325073
0.23325806856155396
0.34566229581832886
0.29803377389907837
0.2353140115737915
0.14249444007873535
0.3866703510284424
0.20105528831481934
0.5245098769664764
0.36314857006073
0.49513542652130127
0.27129971981048584
0.19425034523010254
0.6445703506469727
0.39153265953063965
0.3429603576660156
0.34507691860198975
0.6373321413993835
0.3343167304992676
0.4576268792152405
0.3091980814933777
0.91006288677454
0.3845202922821045
0.5336040258407593
0.46676522493362427
0.1477159857749939
0.1468067169189453
0.28455817699432373
0.26249516010284424
0.2913336157798767
0.17255789041519165
0.6547082364559174
0.6955759823322296
0.9993434473872185
0.3292234539985657
0.4120287299156189
0.3663507103919983
0.4371376633644104
0.3875437378883362
0.2615762948989868
0.19169092178344727
0.3610072731971741
0.5940902531147003
0.30535608530044556
1.0276177562773228
0.47648441791534424
0.2543930411338806
0.15780627727508545
0.9753446727991104
0.22750186920166016
0.7231961786746979
0.19886493682861328
0.4052988886833191
0.1443217396736145
0.41071319580078125
0.4327377676963806
0.3862009048461914
0.8740864843130112
0.27028727531433105
0.1646568775177002
0.9109821319580078
0.45070356130599976
0.2905380129814148
0.17503345012664795
0.23292821645736694
0.22647333145141602
0.17487365007400513
0.31010496616363525
0.24289405345916748
0.45015639066696167
0.13198184967041016
1.049082189798355
0.3625596761703491
0.08853375911712646
0.3662705421447754
0.4639171361923218
0.274539053440094
0.13162297010421753
1.2118716388940811
0.09147876501083374
0.22796332836151123
0.16813552379608154
0.35949718952178955
0.32807809114456177
1.0718461722135544
0.23655450344085693
0.25741690397262573
0.3729342818260193
0.3840412497520447
0.5105937719345093
0.4867687225341797
0.14190053939819336
0.522684633731842
0.6712354123592377
0.22614747285842896
0.5420719683170319
0.3152337074279785
0.4730188846588135
0.9529888406395912
0.21312648057937622
0.3414285182952881
0.4240350127220154
0.9376883953809738
0.4846923351287842
0.5170715153217316
0.3560333847999573
0.16589295864105225
0.8281804621219635
0.25944507122039795
0.17282730340957642
0.4076586961746216
0.2984074354171753
0.31806063652038574
0.21438217163085938
0.4590345621109009
0.2100313901901245
0.2708430290222168
0.24105441570281982
0.24509590864181519
0.27809882164001465
0.23157715797424316
0.22567737102508545
0.9744044356048107
0.18762123584747314
0.16307806968688965
0.18934684991836548
0.7350077629089355
0.36074018478393555
0.2695766091346741
0.38371604681015015
0.16171574592590332
0.2791905403137207
0.2785317897796631
0.7051119208335876
0.29417818784713745
0.24200791120529175
0.4455021619796753
0.36824625730514526
0.3818145990371704
0.3408867120742798
0.08978283405303955
0.26820802688598633
0.27855384349823
0.5201223194599152
0.3772011995315552
0.45339488983154297
0.3017246127128601
0.37689387798309326
0.20092487335205078
0.14670968055725098
0.5535091161727905
0.2521882653236389
0.24017226696014404
0.2095319628715515
1.0591088384389877
1.1312767416238785
0.2839394807815552
1.0940168499946594
0.34270787239074707
0.16519635915756226
0.2150772213935852
0.2894914150238037
0.17997843027114868
0.6313881278038025
0.42559880018234253
0.24900102615356445
0.26832956075668335
0.6183067262172699
0.11811739206314087
0.38781750202178955
0.32199013233184814
0.6904323101043701
0.896984800696373
0.24516749382019043
0.24389511346817017
0.10600906610488892
0.29931795597076416
0.4374074339866638
1.2557652294635773
0.38181471824645996
0.789820522069931
0.3413761258125305
0.6807825267314911
0.11100804805755615
0.41327333450317383
0.3367636203765869
0.35738205909729004
0.25532054901123047
0.21124082803726196
0.15568596124649048
0.40208613872528076
0.39392298460006714
0.27080100774765015
0.10201627016067505
0.38256406784057617
0.33114951848983765
0.282459557056427
0.7661764323711395
0.1696227788925171
0.2664988040924072
0.5483044981956482
0.06965994834899902
0.33061569929122925
0.8626958429813385
0.348649799823761
0.37109631299972534
1.0003663646639325
0.4449880123138428
0.4174191951751709
0.16750311851501465
0.9579942747950554
0.8650984764099121
0.2678624391555786
0.23063111305236816
0.23239606618881226
0.1239011287689209
0.2661261558532715
0.4298611879348755
0.3422660231590271
0.2575240731239319
0.9886505976319313
0.29424309730529785
0.3368103504180908
0.4778464436531067
0.5357663631439209
0.46839702129364014
0.885072335600853
0.13833457231521606
0.24289488792419434
0.4337161183357239
0.21080005168914795
0.22804051637649536
0.8114163428544998
0.34930920600891113
0.1547374129295349
0.25917208194732666
0.3242192268371582
0.4357239007949829
0.16226345300674438
0.42474257946014404
0.38815855979919434
0.3784624934196472
0.6668691337108612
0.3008304834365845
0.32966673374176025
0.36803603172302246
0.9301051571965218
0.29188716411590576
0.26293063163757324
0.35132402181625366
0.14222365617752075
0.25318413972854614
1.2772215008735657
0.47259819507598877
0.33043885231018066
0.9692925773561001
0.24271738529205322
0.10428786277770996
0.09646570682525635
0.29170286655426025
0.27364325523376465
0.14620059728622437
1.1520943343639374
0.250308096408844
0.5479525625705719
0.39507466554641724
0.44994211196899414
0.1954120397567749
0.15076929330825806
0.3749008774757385
0.15377599000930786
0.20337802171707153
0.34761208295822144
0.21087759733200073
0.23033976554870605
0.39309465885162354
0.47394853830337524
0.7215425968170166
0.4671645164489746
0.30714553594589233
0.21886348724365234
0.14100712537765503
0.23476707935333252
0.2456279993057251
0.2168503999710083
0.4489615559577942
0.23998814821243286
0.11682862043380737
0.20409846305847168
0.1680346131324768
0.28494930267333984
0.9921745900064707
0.3203731179237366
0.30185896158218384
0.6257226169109344
0.17155373096466064
0.2615845203399658
0.2978007197380066
0.269161581993103
0.13554567098617554
0.9130305722355843
0.6972523629665375
0.3420177102088928
0.38797926902770996
1.1560883074998856
0.3793673515319824
0.4994106888771057
0.25031256675720215
0.36817467212677
0.41958367824554443
0.3081052899360657
0.9881941126659513
0.6997701525688171
0.34006989002227783
0.8868487700819969
0.34013742208480835
0.2969937324523926
0.2439696192741394
0.4454230070114136
1.0312137696892023
0.42511653900146484
0.21159297227859497
1.063648521900177
0.28856539726257324
0.27677440643310547
0.45615851879119873
0.9458744190633297
0.1253991723060608
0.32732200622558594
0.23371535539627075
0.17770618200302124
0.18321830034255981
0.9852774059399962
0.43802231550216675
0.23094642162322998
0.6279662549495697
0.3531184196472168
0.36139804124832153
0.85310198366642
0.2650596499443054
0.13838660717010498
0.3297421932220459
0.29091405868530273
0.23970967531204224
0.2716674208641052
0.35153281688690186
0.6144970655441284
0.22404420375823975
0.3525698781013489
0.5684305727481842
0.4960455298423767
0.45549559593200684
0.301641583442688
0.4140576124191284
0.3749128580093384
0.391435444355011
0.25724393129348755
0.1926286220550537
0.4836803078651428
0.3227720260620117
0.13081854581832886
0.14562737941741943
0.37946563959121704
0.3271494507789612
0.16727697849273682
0.14181017875671387
0.3634023666381836
0.20969408750534058
0.3815097212791443
0.33260226249694824
0.6085711121559143
0.4293178915977478
0.3581143617630005
0.266345739364624
0.7785724103450775
0.3757436275482178
0.3268023133277893
0.3208104968070984
0.22145318984985352
0.39830172061920166
0.3695773482322693
0.722296953201294
1.1695553064346313
0.1714487075805664
0.29728275537490845
0.42523902654647827
0.2517639398574829
0.5232436954975128
0.7675246298313141
0.9746433459222317
0.34819257259368896
0.2731255292892456
0.5563555061817169
0.21957802772521973
0.28635650873184204
0.2656312584877014
0.8335925936698914
0.32615768909454346
0.322073757648468
0.4861007332801819
0.8973676115274429
0.41286396980285645
0.21067053079605103
0.17268991470336914
0.24338281154632568
0.19915401935577393
0.5870789587497711
0.18653154373168945
0.31177812814712524
0.5726068913936615
0.28316277265548706
0.8568791449069977
0.14771747589111328
0.5216425657272339
0.2173464298248291
0.25044459104537964
0.3138766884803772
0.31904131174087524
0.3005630373954773
0.2266751527786255
0.2419683337211609
0.2887306809425354
0.21341145038604736
0.7421750128269196
0.4666125774383545
0.13480830192565918
0.17372846603393555
0.3894367218017578
0.24787795543670654
0.2995542883872986
0.4710496664047241
0.7896392643451691
0.1664731502532959
0.8955772742629051
0.6058867573738098
0.8740250766277313
0.2323685884475708
0.27629995346069336
0.5499811768531799
0.5632824003696442
1.1053915172815323
0.5039099752902985
0.40653544664382935
0.2296939492225647
0.3211716413497925
0.48587876558303833
0.3413572907447815
0.1212153434753418
0.5409539937973022
0.1624366044998169
1.1930318772792816
0.43478822708129883
0.4920651316642761
0.5311638414859772
0.08003085851669312
0.2486943006515503
0.17640739679336548
0.2819986343383789
0.35159939527511597
0.9644207395613194
0.2909483313560486
0.21162915229797363
0.2038264274597168
0.28651368618011475
0.2939474582672119
0.5167087316513062
0.6011113822460175
0.4394603371620178
1.032976008951664
0.25418323278427124
0.19349777698516846
0.72509765625
0.26288825273513794
0.48232871294021606
0.5629420876502991
0.4044662117958069
0.3764021396636963
0.1218404769897461
0.35623884201049805
0.7724940478801727
0.18780618906021118
0.21197378635406494
0.2652983069419861
0.9894463662058115
0.33778196573257446
0.08002424240112305
0.2323419451713562
0.023390531539916992
0.2009252905845642
0.2954360246658325
0.37775862216949463
0.3297802209854126
0.23729664087295532
0.32581955194473267
0.26430296897888184
0.4076799154281616
0.1817530393600464
0.21308887004852295
0.8658885508775711
0.2712938189506531
1.0599680617451668
0.6110657155513763
0.410785973072052
0.36458319425582886
0.0872923731803894
0.18144464492797852
0.5596370100975037
0.30655932426452637
0.44379889965057373
0.2848043441772461
0.5014017522335052
0.1129576563835144
0.9802464917302132
0.11684811115264893
0.6673276424407959
0.2321244478225708
0.37338006496429443
1.027869326993823
0.6680302023887634
1.0019732974469662
0.35687077045440674
0.2749136686325073
0.20374906063079834
0.7662785798311234
0.5739345550537109
0.14509445428848267
0.41504740715026855
0.4614327549934387
0.566212385892868
0.3653412461280823
0.20954102277755737
0.17491388320922852
0.22412323951721191
0.2986365556716919
0.49936288595199585
0.3710123896598816
0.42833399772644043
0.23569244146347046
0.5415111780166626
0.4284147620201111
0.5438705384731293
0.2913486361503601
0.5989350378513336
0.49456799030303955
0.3346934914588928
0.5252362489700317
0.3873690962791443
0.7561034858226776
0.5982558727264404
0.3218463063240051
0.5143593549728394
0.5501775145530701
0.9554315656423569
0.20788955688476562
0.14749360084533691
0.2041143774986267
0.7462864518165588
0.5366440415382385
0.9907372733578086
0.5750821828842163
0.166010320186615
0.42297834157943726
0.2624961733818054
0.3474491238594055
0.48233890533447266
0.26536887884140015
0.5297942161560059
0.6769662797451019
0.15942466259002686
0.2184012532234192
0.27693700790405273
0.19532400369644165
0.2056928277015686
0.3445117473602295
1.079688899219036
0.41607987880706787
0.2118626832962036
0.3610789179801941
0.4829789996147156
0.41209107637405396
0.19659948348999023
0.3697793483734131
0.5519104301929474
0.5548927187919617
0.22785747051239014
0.3870999217033386
0.39590662717819214
0.5656670331954956
0.5050181746482849
0.11357688903808594
0.2964329719543457
0.18362361192703247
0.5079759955406189
0.47960537672042847
0.7435299754142761
0.35514551401138306
0.47270065546035767
0.23531818389892578
0.18233191967010498
0.22533166408538818
0.30292290449142456
0.6192831099033356
0.2939440608024597
0.3461930751800537
0.2241908311843872
0.3865421414375305
0.6484444439411163
1.2202899605035782
0.1745762825012207
0.3645121455192566
0.33261406421661377
0.3417074680328369
1.0176760479807854
0.3287917971611023
0.35225945711135864
0.9217348247766495
0.21489232778549194
0.22937852144241333
0.5446545779705048
0.2568471431732178
0.3980644941329956
0.43009984493255615
0.36132049560546875
0.5294538140296936
1.1445263028144836
0.294819176197052
0.23928296566009521
0.43997514247894287
0.15026479959487915
0.6029882729053497
0.24530386924743652
0.8942231461405754
0.4987291693687439
0.49218547344207764
0.25076496601104736
0.32123690843582153
0.27327531576156616
0.316015362739563
0.5149281620979309
0.5857255458831787
0.1258140206336975
0.2802503705024719
0.1744343638420105
0.5276966392993927
0.10834366083145142
0.3913946747779846
0.296464204788208
0.5121400654315948
0.4117201566696167
0.395591676235199
0.3467194437980652
0.18574804067611694
0.27098309993743896
0.4447730779647827
0.20628643035888672
0.5141754746437073
0.5139262080192566
0.25533831119537354
0.20195597410202026
0.8274403810501099
0.2026280164718628
0.354428231716156
0.16088032722473145
0.2572745680809021
0.41942524909973145
0.2614229917526245
0.4433077573776245
0.3060080409049988
0.688251405954361
0.47696542739868164
0.12166959047317505
0.16979098320007324
0.6525990962982178
0.3610766530036926
0.1656174659729004
0.25997745990753174
0.4092668890953064
0.42824286222457886
0.3633924126625061
0.3356141448020935
0.5264932513237
0.19593995809555054
0.31274908781051636
0.2512388825416565
0.9134753942489624
0.5158966481685638
0.8343646228313446
0.30899858474731445
0.792255312204361
0.2925921082496643
0.3566238284111023
0.41272830963134766
0.25708526372909546
0.08184605836868286
0.2528359293937683
0.18806850910186768
0.32606565952301025
0.2531079649925232
1.0336527526378632
0.4888039231300354
0.12206333875656128
0.3075348138809204
0.47155600786209106
1.07853302359581
0.4097416400909424
0.2995755672454834
0.2288239598274231
1.0251180790364742
0.27989405393600464
0.5208760499954224
0.8109007179737091
0.3636186122894287
0.6783343553543091
0.26936429738998413
0.6293835043907166
0.21721678972244263
0.5270794034004211
0.16360944509506226
0.3203567862510681
0.14034318923950195
0.5374758541584015
0.15818428993225098
0.6144629716873169
0.5556678175926208
0.1954352855682373
0.34384554624557495
0.3490697741508484
0.14714515209197998
0.4864385724067688
0.1533592939376831
0.18852651119232178
0.2210058569908142
0.27342838048934937
0.2908869981765747
0.18066859245300293
0.33487075567245483
0.39103221893310547
0.3075212836265564
1.2340334355831146
0.518019437789917
0.3361967206001282
0.9247185736894608
0.22661542892456055
0.8993731439113617
0.2727382183074951
0.5985235869884491
0.12816298007965088
0.41537708044052124
0.2648997902870178
0.9366073682904243
0.3280690908432007
0.9877445911988616
0.29720479249954224
0.34822458028793335
0.29736196994781494
0.5555233955383301
0.4928448796272278
0.24391186237335205
0.41066938638687134
0.26767057180404663
0.49530982971191406
0.5404002070426941
0.6553328931331635
0.5438421368598938
0.11215806007385254
1.216179832816124
0.3095929026603699
0.9401069916784763
0.4002634286880493
0.2433614730834961
0.2919318675994873
0.4170048236846924
0.5084812939167023
0.8374786972999573
0.5520820319652557
0.4398645758628845
0.23833024501800537
0.3810961842536926
0.1751478910446167
1.1149847656488419
0.2669103145599365
0.23739522695541382
0.9681491814553738
0.1798667311668396
0.5166216194629669
0.597250759601593
0.30392831563949585
0.18027734756469727
0.4460015892982483
0.22241604328155518
0.5426617562770844
0.25443392992019653
0.16950148344039917
0.18173211812973022
0.4149530529975891
0.4598653316497803
0.18544548749923706
0.7050740420818329
0.8646514266729355
0.8841169774532318
1.0777990072965622
0.8978218361735344
0.32098639011383057
0.3729124665260315
0.27646368741989136
0.3168373703956604
0.3697388768196106
0.6115530431270599
0.1704893708229065
0.3041841387748718
0.4742209315299988
0.3421075940132141
0.5565606951713562
0.2397165298461914
0.45904600620269775
0.6198338866233826
0.22414028644561768
0.2260425090789795
0.22613036632537842
0.27632492780685425
0.5317099690437317
0.18077677488327026
0.29556137323379517
0.3352575898170471
0.5484725832939148
0.2341160774230957
0.22215402126312256
0.6254137754440308
0.3476359248161316
0.29183584451675415
0.2981114387512207
0.37373948097229004
0.35980838537216187
0.4268733859062195
0.2583925127983093
0.24611395597457886
0.5051678717136383
0.23663383722305298
0.5574533939361572
0.3777685761451721
0.2622864246368408
0.2644116282463074
0.14318698644638062
0.39067018032073975
0.5640451610088348
0.15410733222961426
0.23695695400238037
0.4289889931678772
0.3368457555770874
0.2611716389656067
0.7137999534606934
0.12646859884262085
0.7525938451290131
0.20679759979248047
0.29509061574935913
0.15760987997055054
0.27926790714263916
0.9887850685045123
0.21764618158340454
0.17238742113113403
0.3674650192260742
0.45946604013442993
0.18256688117980957
0.685105174779892
0.35489422082901
0.4746571183204651
1.321981817483902
0.397643506526947
0.16449540853500366
0.8003956079483032
0.43759971857070923
0.46109330654144287
0.15300202369689941
0.30300086736679077
0.7242478132247925
0.20078778266906738
0.21466851234436035
0.5722159445285797
0.7826368808746338
0.5496217012405396
0.5912978947162628
0.17151182889938354
0.2512091398239136
0.3510197401046753
0.24315881729125977
0.27633410692214966
0.2298073172569275
0.3909515142440796
0.8000840097665787
0.14579880237579346
0.9228571653366089
0.3941226601600647
0.5373197197914124
0.20160812139511108
0.3215791583061218
0.6866900026798248
0.1712077260017395
0.21009010076522827
0.5098132789134979
0.33559954166412354
0.32928138971328735
0.897424690425396
0.958671573549509
0.22323673963546753
0.16143745183944702
0.2631530165672302
0.4930036664009094
0.34853965044021606
0.27520185708999634
0.9107313454151154
0.39297735691070557
0.22253841161727905
0.8940823897719383
0.23710006475448608
0.3906700015068054
0.5454441010951996
0.43314534425735474
0.6569397449493408
0.17400360107421875
0.23517358303070068
0.23816514015197754
0.4952259063720703
0.21387934684753418
0.269001841545105
0.9061181843280792
0.6973527669906616
0.5012025237083435
0.4671649932861328
0.180681049823761
0.2952050566673279
1.1253425031900406
0.6446143984794617
0.9110807105898857
0.23819994926452637
0.47107869386672974
0.7563999742269516
0.3032187223434448
0.10399770736694336
0.08825236558914185
0.4041656255722046
0.3917103409767151
0.6111513078212738
0.32904404401779175
0.6136727035045624
0.28980809450149536
0.39400482177734375
0.19949346780776978
0.7008179128170013
0.2599255442619324
0.45405083894729614
0.3664153814315796
0.704749196767807
0.6150775253772736
0.11361658573150635
0.3847145438194275
0.23069190979003906
0.5024360418319702
0.3514801263809204
0.35898447036743164
0.2413538098335266
0.13391560316085815
0.41325318813323975
0.03847843408584595
0.4138190746307373
0.4293195605278015
0.16836291551589966
0.8141690045595169
0.32665055990219116
0.35597914457321167
0.2409965991973877
0.2684692144393921
0.710307776927948
0.8831857591867447
0.4257694482803345
0.3217394948005676
0.5848669707775116
0.19768714904785156
0.4804235100746155
0.6816439032554626
0.8287523835897446
0.4182056784629822
0.20048201084136963
0.9050972014665604
0.22424310445785522
0.2917347550392151
0.3154776096343994
0.31348615884780884
0.2643301486968994
0.3759680986404419
0.3899502754211426
0.14729362726211548
0.3555788993835449
0.22826969623565674
0.9015351608395576
0.7206278741359711
0.793952539563179
0.8300351202487946
0.7829288989305496
0.4761219024658203
0.5059116780757904
0.24002236127853394
0.6108571588993073
0.15568608045578003
0.2767769694328308
0.5431298911571503
0.19521677494049072
0.2391904592514038
0.3185635209083557
0.5186783373355865
0.4024873375892639
0.46435415744781494
0.4033660888671875
0.29876595735549927
0.5748525857925415
0.3358190655708313
0.07698744535446167
0.1979486346244812
0.3910008668899536
0.9866686388850212
0.3840187191963196
0.08475333452224731
0.13817697763442993
0.4913250803947449
0.3882523775100708
1.1381882578134537
0.23302429914474487
0.4656534790992737
0.37857359647750854
0.18305379152297974
0.3388909101486206
0.32160723209381104
0.3981420397758484
0.8986871168017387
0.5558596253395081
0.23705250024795532
0.4972655773162842
0.3326190114021301
0.589876800775528
0.5961496829986572
0.2234959602355957
0.2966766357421875
0.21099352836608887
0.13656634092330933
0.8209945261478424
0.25659966468811035
0.264049232006073
0.39182591438293457
0.33298367261886597
0.5350548923015594
0.18053603172302246
0.3782079219818115
0.4041427969932556
0.4376818537712097
0.33302342891693115
0.30571073293685913
0.846749871969223
0.2890775799751282
0.32519543170928955
0.3021699786186218
0.3090651035308838
0.41080331802368164
0.7693828344345093
0.2595439553260803
0.2994006276130676
0.15465855598449707
0.12009263038635254
0.2768232822418213
0.09754550457000732
0.21568679809570312
0.36118656396865845
0.5302762687206268
0.7483919560909271
0.17996060848236084
0.6269733309745789
0.2588968873023987
0.2873183488845825
0.4260210394859314
0.597445160150528
0.2795795798301697
0.9035279452800751
0.5105352997779846
0.4605914354324341
0.2311127781867981
0.22312462329864502
0.24226003885269165
0.45477139949798584
0.3490878939628601
0.6254223585128784
0.6173215210437775
0.3648222088813782
0.4732246398925781
0.35693198442459106
0.2770860195159912
0.15223276615142822
0.2654099464416504
0.7246791124343872
1.1828570663928986
0.22662299871444702
0.4365057945251465
1.0280019044876099
0.34269046783447266
0.20190155506134033
0.1943327784538269
0.2378096580505371
0.2525494694709778
0.4022595286369324
0.23356658220291138
0.1969875693321228
0.2469058632850647
0.3685302734375
0.5593487024307251
0.528521329164505
0.4307605028152466
0.7503441870212555
0.30316364765167236
0.2645871639251709
0.2016729712486267
0.32113319635391235
0.202248215675354
0.5487677156925201
0.5705650448799133
0.6348409056663513
0.4043998122215271
0.5225958824157715
0.26728200912475586
0.2266661524772644
0.25472378730773926
0.2254798412322998
0.2998539209365845
1.0027098692953587
0.1972261667251587
0.41059815883636475
0.4278603196144104
0.2689107060432434
0.8725521266460419
0.719954788684845
0.852355107665062
0.11166399717330933
0.40833717584609985
0.32761794328689575
0.22206330299377441
0.294511079788208
0.338934063911438
0.9518955051898956
0.3033589720726013
1.004522689152509
0.47168922424316406
0.2197858691215515
0.8940819874405861
0.7120638489723206
0.3939971327781677
0.3792598247528076
0.7424546778202057
1.02532347291708
1.1389730870723724
0.29073768854141235
0.015485227108001709
0.2573915123939514
0.15602201223373413
0.32245463132858276
0.3247641921043396
0.11238205432891846
0.34527653455734253
0.48427867889404297
0.35168588161468506
0.345095157623291
0.18011629581451416
0.5937962234020233
1.0009806919842958
0.5637863278388977
0.22759920358657837
0.2611159086227417
0.3701874613761902
0.4945901036262512
0.3020862340927124
0.16449540853500366
0.24558645486831665
0.2601056694984436
0.1790490746498108
0.623708963394165
0.7314808964729309
0.3533206582069397
0.5808857083320618
0.3103256821632385
0.19781863689422607
0.5020763874053955
0.33811670541763306
0.5749203860759735
0.18079590797424316
0.32903093099594116
0.2253199815750122
0.24288034439086914
0.20937275886535645
0.7014274001121521
0.4624008536338806
0.21053755283355713
0.3884860873222351
0.4118189215660095
0.475150465965271
0.3977058529853821
0.9368764758110046
0.35088568925857544
0.93954648822546
0.19030189514160156
0.2758622169494629
0.3755742311477661
0.1394985318183899
0.43122780323028564
0.1840720772743225
0.15651917457580566
0.4324912428855896
0.1814892292022705
0.09464997053146362
0.4292726516723633
0.3190962076187134
0.2441069483757019
0.239973783493042
0.5946636199951172
0.40038126707077026
0.4296252727508545
0.8289181143045425
0.36971205472946167
0.5803177058696747
0.8368062824010849
0.4285099506378174
0.295488178730011
0.8444051742553711
0.39087361097335815
0.2537758946418762
0.37074124813079834
0.22262519598007202
0.24074715375900269
0.391775906085968
0.2799822688102722
0.41188448667526245
0.23028510808944702
0.1854490041732788
0.29719144105911255
0.25794875621795654
0.1628192663192749
0.29859811067581177
0.7206661701202393
0.5676336586475372
0.23779940605163574
0.18520987033843994
0.9071191102266312
0.7480735182762146
0.4641905426979065
0.29661428928375244
0.3990827798843384
0.3835548162460327
0.2687608003616333
0.22611093521118164
0.07277560234069824
0.09041297435760498
0.13498610258102417
0.19757014513015747
0.45073753595352173
0.206010103225708
0.43175703287124634
0.4261385202407837
0.41432154178619385
0.25893712043762207
0.6869691610336304
0.540137529373169
0.1614377498626709
0.11987555027008057
0.2539249658584595
0.21835297346115112
0.3681911826133728
0.49238795042037964
0.2020425796508789
0.23970597982406616
0.313593327999115
0.14004170894622803
0.8904091194272041
0.3646652102470398
0.10944324731826782
0.848035529255867
0.11931705474853516
0.2729285955429077
0.32636457681655884
0.21010029315948486
0.3362140655517578
0.4315367341041565
0.4683157205581665
0.36505186557769775
0.4626408815383911
0.3330983519554138
0.22454923391342163
0.1274394989013672
0.12405276298522949
0.2777794599533081
0.35874438285827637
0.7026700377464294
0.4587242007255554
0.691930502653122
0.48575758934020996
0.33038967847824097
0.4643147587776184
0.8118374049663544
0.2618793845176697
0.4512762427330017
0.5558093786239624
0.12845760583877563
0.30075764656066895
0.4608009457588196
1.0056284009478986
0.2793205976486206
0.4635571241378784
0.3158797025680542
0.4254603385925293
0.26133114099502563
0.6539835035800934
0.6840180456638336
0.14374518394470215
0.9717245437204838
0.17319536209106445
0.6149847507476807
0.09302526712417603
0.43100661039352417
0.15123778581619263
0.2833220958709717
0.7971708476543427
0.6107628643512726
0.4109867811203003
0.3854716420173645
0.33602607250213623
0.9085668921470642
0.460878849029541
0.38975417613983154
0.4023195505142212
0.4895482063293457
0.15017175674438477
0.46873021125793457
0.08055323362350464
0.667822539806366
0.30984318256378174
0.2468332052230835
0.4462012052536011
0.35643017292022705
0.3194319009780884
0.2623632550239563
0.2831042408943176
0.3131803274154663
0.8981878906488419
0.5197694003582001
0.16865158081054688
0.2902951240539551
0.9640249088406563
0.14832651615142822
1.1467635780572891
0.3239250183105469
0.13219648599624634
0.22703957557678223
0.6474287211894989
0.25596654415130615
0.36913686990737915
0.3246656060218811
0.15278303623199463
0.5367097854614258
0.14701318740844727
0.29675716161727905
0.25199633836746216
0.3174482583999634
1.1679420173168182
0.5483396649360657
0.7313869297504425
0.32954156398773193
0.3393213748931885
0.2797468900680542
0.17154967784881592
0.06502413749694824
1.15891332924366
0.23114913702011108
0.31225740909576416
0.2923435568809509
0.5938661098480225
0.8212012201547623
0.3669155240058899
1.2614879310131073
0.1999759078025818
0.2863002419471741
0.34023159742355347
0.2302137017250061
0.25827324390411377
0.23488909006118774
0.17486059665679932
0.5479342937469482
0.22017627954483032
1.074646070599556
1.0754229873418808
0.20824050903320312
0.4139557480812073
0.6827153563499451
0.23609906435012817
0.21589374542236328
0.7698472291231155
0.3307567238807678
0.2744346261024475
0.15809690952301025
0.1590334177017212
0.6484684348106384
0.6524282097816467
0.3667355179786682
0.3804694414138794
0.1766027808189392
0.3665560483932495
0.3177114725112915
0.2509928345680237
0.1980465054512024
0.49987858533859253
0.4543606638908386
0.4274969696998596
0.19829106330871582
0.3230127692222595
0.3710170388221741
0.2893364429473877
0.587108701467514
0.16010785102844238
0.52910116314888
1.0929936319589615
0.13248157501220703
0.6309089958667755
0.2790461778640747
0.3028132915496826
0.48367226123809814
0.28594619035720825
0.16371440887451172
0.1785128116607666
0.27296894788742065
0.6983213126659393
0.30068206787109375
0.21627593040466309
0.30407655239105225
0.48618340492248535
0.27237457036972046
0.48511964082717896
0.31416529417037964
0.39150184392929077
0.46294885873794556
0.23231488466262817
0.4097243547439575
0.2838382124900818
0.28030288219451904
0.13585329055786133
0.3505919575691223
0.4618953466415405
0.19172900915145874
0.5246588587760925
0.33263057470321655
0.18163686990737915
0.6001928448677063
0.146886944770813
0.1792014241218567
0.391029953956604
0.0915910005569458
0.0866401195526123
0.24202924966812134
0.36308109760284424
0.5923249423503876
0.40453267097473145
0.13501042127609253
0.16604608297348022
0.7232204675674438
0.2490851879119873
0.277593195438385
0.664370059967041
0.13531213998794556
0.19202935695648193
0.9329053461551666
0.8788085877895355
0.3793568015098572
0.4778725504875183
0.8388643264770508
0.3142232298851013
0.1454557180404663
0.5465973615646362
0.2125820517539978
0.2625414729118347
0.21132773160934448
0.07301664352416992
0.1585838794708252
0.17501121759414673
0.4275296926498413
0.3882126808166504
0.28800952434539795
0.2442428469657898
0.3976988196372986
0.3286115527153015
0.17186516523361206
0.300306499004364
0.7398378849029541
1.0978249087929726
0.7387940883636475
0.1648615002632141
0.17708033323287964
0.7885350733995438
0.4386139512062073
0.373574435710907
0.17492669820785522
0.7504032701253891
1.0981062576174736
0.39899736642837524
0.4468938112258911
0.7733097225427628
0.30941522121429443
0.2709181308746338
0.1997222900390625
0.4742410182952881
0.4599931240081787
0.21102356910705566
0.35887759923934937
0.3180329203605652
0.18186545372009277
0.1319599151611328
0.18408656120300293
0.4169890880584717
0.9644368849694729
0.2537195086479187
0.18352007865905762
0.4214291572570801
0.3075461983680725
0.3125087022781372
0.4328555464744568
0.5950517356395721
0.30951887369155884
0.36806464195251465
0.3822532892227173
0.2998467683792114
0.2720789313316345
0.2398742437362671
0.26405370235443115
0.44109541177749634
0.25803810358047485
0.30155766010284424
0.2740241289138794
0.35040247440338135
0.4402964115142822
0.3890441060066223
0.5201596021652222
0.23926717042922974
0.30620115995407104
0.401630699634552
0.2492348551750183
0.3893072009086609
0.18541061878204346
0.3844681978225708
1.0959496796131134
0.10565686225891113
0.1462637186050415
0.3002811670303345
0.7113877832889557
0.2708306908607483
0.47551363706588745
0.38201427459716797
0.7292425334453583
0.22730422019958496
0.2587932348251343
0.08883661031723022
0.2485843300819397
0.14185374975204468
0.6279939413070679
0.1966228485107422
1.0448728948831558
0.5287832021713257
0.6139609515666962
0.5835413932800293
0.15780937671661377
0.6112394630908966
0.30780237913131714
0.4954245686531067
0.24049293994903564
0.16666966676712036
0.44107335805892944
0.36980968713760376
0.4816862940788269
0.2264232635498047
0.25847530364990234
0.13690972328186035
0.5226046442985535
1.0426620170474052
1.0615225657820702
0.30310583114624023
0.1879807710647583
0.10254925489425659
0.3894047737121582
0.28544819355010986
0.16565591096878052
0.5685216784477234
0.7520610988140106
0.36578071117401123
0.27292144298553467
0.25450843572616577
0.25274866819381714
0.41566789150238037
0.6098348796367645
0.19640475511550903
0.3122113347053528
0.050221920013427734
1.206794485449791
0.21450889110565186
0.06433820724487305
0.5803479254245758
0.3390355706214905
0.5769970417022705
0.21295064687728882
0.5970989465713501
0.4506085515022278
0.21592754125595093
0.3193134665489197
0.3641069531440735
0.25274670124053955
0.32275301218032837
0.2777652144432068
0.5159129500389099
0.20776104927062988
0.20062804222106934
0.34846991300582886
0.3468303680419922
0.2378658652305603
0.44741034507751465
0.9172542840242386
0.37265855073928833
1.1371091306209564
0.550404280424118
0.8779476583003998
0.18228858709335327
0.3821250796318054
0.4630904197692871
0.21303844451904297
0.2072276473045349
0.056830406188964844
0.3471676707267761
0.25217437744140625
0.5882765054702759
0.3564475178718567
0.7148821651935577
0.5337175130844116
1.1009526625275612
0.4249771237373352
0.4627152681350708
0.36977845430374146
0.1896822452545166
0.17987275123596191
0.1633995771408081
0.20380771160125732
0.058795392513275146
0.2930053472518921
0.3394125699996948
0.2828773856163025
0.34076380729675293
0.43315112590789795
0.23864763975143433
0.5341900587081909
0.2853994369506836
0.21252423524856567
1.1091284975409508
0.9788343962281942
0.33799976110458374
0.2424306869506836
0.17483150959014893
0.1804518699645996
0.4303077459335327
0.12234634160995483
0.37550175189971924
0.7938815057277679
0.1257132887840271
0.30246496200561523
0.2244253158569336
0.1608905792236328
0.8690091520547867
0.5341114699840546
0.28853750228881836
0.19925141334533691
0.2459586262702942
0.22463643550872803
0.37934696674346924
0.22443217039108276
0.3036629557609558
0.32832592725753784
0.32823193073272705
0.2429431676864624
0.25070029497146606
0.4229694604873657
0.34466731548309326
0.38368815183639526
0.44357186555862427
0.25214654207229614
1.0061023612506688
0.09864985942840576
0.3586158752441406
0.4791574478149414
0.2877230644226074
0.22155779600143433
0.23284059762954712
0.2111668586730957
0.29506736993789673
0.5051714181900024
0.2482072114944458
0.09173542261123657
0.1266765594482422
0.2414228916168213
0.7061306238174438
0.19558507204055786
0.15592801570892334
0.260520339012146
0.41942572593688965
0.2867864966392517
0.40393155813217163
0.17509162425994873
0.38072580099105835
0.47624772787094116
0.405265212059021
0.15219342708587646
0.4118051528930664
0.25537049770355225
0.731462150812149
0.10665768384933472
0.2906256318092346
0.23659652471542358
1.04349659755826
0.8882950618863106
0.08266502618789673
0.1681351661682129
0.4894096255302429
0.3284839391708374
0.31604474782943726
0.290546715259552
0.5123225450515747
0.22589188814163208
0.15919733047485352
0.19195276498794556
0.3496728539466858
0.9053039625287056
0.22996658086776733
0.6369546055793762
0.3316107988357544
0.29860347509384155
0.9612586759030819
0.2512814402580261
0.11872106790542603
0.3689578175544739
0.16543883085250854
0.5701085925102234
0.37088632583618164
0.31925541162490845
0.20144855976104736
0.2389286756515503
0.3004208207130432
0.05060446262359619
0.2604180574417114
0.18042826652526855
0.2552659511566162
0.25988173484802246
0.14473885297775269
0.3344767093658447
0.40663206577301025
0.40793681144714355
0.8954678699374199
0.4005308747291565
0.6521889567375183
0.4580157995223999
0.5211306810379028
0.6352179646492004
1.0412120260298252
0.24804842472076416
0.305412232875824
1.0234343986958265
0.18049371242523193
0.3937467932701111
0.6937001049518585
0.15512120723724365
0.33269017934799194
0.3206353783607483
0.3226611018180847
1.2040132284164429
0.230884850025177
0.5128695666790009
0.3740953803062439
0.3101421594619751
0.4048638939857483
0.3138731122016907
0.48941147327423096
0.17476677894592285
0.49753057956695557
0.08173155784606934
0.1620771884918213
0.9798850193619728
0.19884580373764038
0.6130675077438354
0.28736740350723267
0.17203807830810547
1.009518075734377
0.12219107151031494
0.9937964146956801
0.8156073093414307
0.44538068771362305
0.20826596021652222
0.28514164686203003
0.285694420337677
0.2002812623977661
0.18893688917160034
0.5514672994613647
0.5571876764297485
0.1745586395263672
0.2125002145767212
0.2674017548561096
0.33125388622283936
0.16013026237487793
0.20091193914413452
0.47148966789245605
0.6447751224040985
0.45869338512420654
0.42046546936035156
0.38482803106307983
0.2257077693939209
0.5864782929420471
0.2467556595802307
0.3611605167388916
0.29236191511154175
0.9219387024641037
0.47983354330062866
0.1972830891609192
0.41219455003738403
0.48816388845443726
0.21838289499282837
0.14357733726501465
0.8000200539827347
0.2856298089027405
0.7674191147089005
0.42837846279144287
0.19700568914413452
0.27960658073425293
0.21525847911834717
0.626015305519104
0.12215864658355713
0.21291542053222656
0.393913209438324
0.06477600336074829
0.3977648615837097
0.20189356803894043
0.7742501050233841
0.7169572710990906
0.4974591135978699
0.19839191436767578
0.21061182022094727
0.1787738800048828
0.15648138523101807
0.3575604557991028
0.2557060718536377
0.0958942174911499
0.5314933359622955
0.43744271993637085
0.26520389318466187
0.38782304525375366
0.690110594034195
0.34243452548980713
0.21071183681488037
0.20689666271209717
0.4483742117881775
0.09510481357574463
0.17247915267944336
0.39349251985549927
0.3241173028945923
0.24337416887283325
0.628893107175827
0.2327468991279602
0.5324934124946594
0.350808322429657
1.1446043252944946
0.6174379587173462
0.43281686305999756
1.088596023619175
0.2706969976425171
1.122862197458744
0.2529475688934326
0.22964435815811157
0.16294264793395996
0.21543526649475098
0.20250827074050903
0.6531604528427124
0.2845125198364258
0.8778633028268814
0.43964558839797974
0.5010377168655396
0.2440454363822937
0.390569269657135
0.19621306657791138
0.502168208360672
0.2612115144729614
0.4703447222709656
0.22152233123779297
0.8973538130521774
0.4047737121582031
0.24352049827575684
0.5011221170425415
0.4480435848236084
0.3372229337692261
0.04847615957260132
0.17729735374450684
0.18885290622711182
0.2001563310623169
0.18468260765075684
0.26661449670791626
0.4024435877799988
0.6846094131469727
0.37367212772369385
0.28550320863723755
0.7229097187519073
0.12291169166564941
0.17363035678863525
1.0744740888476372
0.6445703506469727
0.2764406204223633
0.34567880630493164
0.3162270188331604
0.12617647647857666
0.1890416145324707
0.22290170192718506
0.23912090063095093
0.5276204347610474
0.2553677558898926
0.9854607675224543
0.29139792919158936
0.30911481380462646
0.33672159910202026
0.3530835509300232
0.43580877780914307
0.3721628785133362
1.0517678782343864
0.6904916167259216
0.3137068748474121
0.46936553716659546
0.36306512355804443
0.27776604890823364
0.2304726243019104
0.460451602935791
1.061018530279398
0.18177080154418945
0.15128445625305176
0.3516426086425781
0.6501576602458954
0.2483762502670288
0.16044551134109497
0.38940560817718506
0.20977401733398438
0.18362689018249512
0.4963822364807129
0.37130963802337646
0.3022724390029907
0.2861631512641907
1.178297907114029
0.2250688076019287
0.3980955481529236
0.2348284125328064
0.5588164925575256
0.1768072247505188
0.5353800058364868
0.5822720527648926
0.32635408639907837
0.26516854763031006
0.4221912622451782
0.23136067390441895
0.27008628845214844
0.17141366004943848
0.5613707304000854
0.2773352861404419
0.07744377851486206
1.1049794033169746
0.28972315788269043
0.4269598126411438
0.3527430295944214
0.39645421504974365
0.9003341421484947
0.29432207345962524
0.27982020378112793
0.39834803342819214
0.3822703957557678
0.09968453645706177
0.29403114318847656
0.5680936872959137
0.3248324394226074
0.322625994682312
0.3241713047027588
0.25202882289886475
0.16292041540145874
0.30268293619155884
0.1348433494567871
0.7795571535825729
0.21817219257354736
0.8884221538901329
0.38929861783981323
0.29851698875427246
0.1418445110321045
0.30360597372055054
0.3696669936180115
0.37650561332702637
0.4206220507621765
0.34488630294799805
0.47393345832824707
0.36527150869369507
0.2789457440376282
0.24800002574920654
0.3254072070121765
0.8212439864873886
0.3678005337715149
0.3646728992462158
0.5380798578262329
0.5910658836364746
0.15100699663162231
0.2962101697921753
0.1463254690170288
0.2928868532180786
0.3615747094154358
0.06865763664245605
0.38995426893234253
0.2450401782989502
0.5164068639278412
0.9830295871943235
0.5510209500789642
0.21168053150177002
0.6003455221652985
0.2714345455169678
0.32152432203292847
0.34392017126083374
0.48153501749038696
0.6036287248134613
0.3351300358772278
0.17279362678527832
0.3886602520942688
0.3980140686035156
0.33022940158843994
0.36197715997695923
0.4351714849472046
0.21348148584365845
0.37593555450439453
0.5153642892837524
0.5713443458080292
0.5767000913619995
0.35137122869491577
0.14806747436523438
0.5113977789878845
0.4993312358856201
0.6546149551868439
0.24551087617874146
0.7076400518417358
0.2376009225845337
0.3753034472465515
0.14146441221237183
0.33460867404937744
0.1619189977645874
0.2794492840766907
0.25071150064468384
0.10755449533462524
0.37785571813583374
0.16611123085021973
0.6231836080551147
0.08711379766464233
0.5202690958976746
0.2795019745826721
0.9164126366376877
0.4268103837966919
0.23753869533538818
0.8602467775344849
0.5179444253444672
0.3739941716194153
0.22409206628799438
0.32253873348236084
0.14745348691940308
0.32574403285980225
0.47136229276657104
0.5805222392082214
0.27673274278640747
0.4059208035469055
0.3981795310974121
0.35752570629119873
0.3458792567253113
0.3495721220970154
0.959300734102726
0.43609392642974854
0.21353024244308472
0.5520744323730469
0.5881450176239014
0.199135422706604
0.25119781494140625
0.3895854949951172
0.5180948674678802
0.909619651734829
0.20647650957107544
0.6775874495506287
0.23372256755828857
0.36471235752105713
0.3188021779060364
0.9026424214243889
0.42512673139572144
0.48272705078125
0.3678250312805176
0.3443429470062256
0.558201014995575
0.31556910276412964
0.40219247341156006
0.8815382570028305
0.14215081930160522
0.2509273886680603
0.3962680697441101
1.005324533674866
0.4515857696533203
0.2649546265602112
0.3387071490287781
0.36136388778686523
0.1202424168586731
0.2361878752708435
0.1318575143814087
0.2854693531990051
0.3333742022514343
0.19782352447509766
0.295662522315979
0.1560850739479065
0.25656044483184814
0.3664209842681885
0.17603421211242676
0.4266583323478699
0.42293834686279297
0.06643742322921753
0.4233258366584778
0.40361058712005615
1.287546157836914
0.2622526288032532
0.17668724060058594
0.24113517999649048
0.814161092042923
0.6114627420902252
0.25234103202819824
0.12221288681030273
0.6016762256622314
0.1421527862548828
0.37363117933273315
1.1375513225793839
0.5283598005771637
0.1799381971359253
0.48600077629089355
0.3282366991043091
0.30689823627471924
0.1970624327659607
0.19657659530639648
0.19752013683319092
0.2877155542373657
0.4850095510482788
0.32607364654541016
0.30773669481277466
0.4109371304512024
0.29556697607040405
0.10070657730102539
0.23378926515579224
0.15556085109710693
0.2092951536178589
0.72817263007164
0.529673159122467
0.19414782524108887
0.20119553804397583
0.23748719692230225
0.21155202388763428
0.9110540151596069
0.32718604803085327
0.26572996377944946
0.3091472387313843
0.5184194445610046
0.16489148139953613
0.18256014585494995
0.41471272706985474
0.22583520412445068
0.470791757106781
0.5869061648845673
0.1433127522468567
0.394286572933197
1.068864569067955
0.08783918619155884
0.9715367313474417
0.36450499296188354
0.42321187257766724
0.18295758962631226
0.22878623008728027
0.1704232096672058
0.16536426544189453
0.4123665690422058
0.30456483364105225
0.2783944010734558
0.18106114864349365
0.4947203993797302
0.1092156171798706
0.3971256613731384
0.7364814579486847
0.36543673276901245
0.14051520824432373
0.7654474079608917
0.9901552870869637
0.43916863203048706
0.30903029441833496
0.1632360816001892
0.28806906938552856
0.23742640018463135
0.31208592653274536
0.1637449860572815
0.42800527811050415
0.1856364607810974
0.31833773851394653
0.5867623388767242
0.7770430594682693
0.17537707090377808
0.32262998819351196
0.351709246635437
0.8613248616456985
0.11173862218856812
0.4653056263923645
0.273454487323761
0.24409931898117065
0.23703765869140625
0.25091612339019775
0.14187026023864746
0.3724977970123291
0.3820412755012512
0.3459929823875427
0.3076498508453369
0.4880179762840271
0.3534715175628662
0.37211817502975464
0.2806558609008789
0.28449761867523193
0.2215878963470459
1.0167859960347414
0.3041117191314697
0.20858114957809448
0.6120947599411011
0.500863254070282
0.2885769009590149
0.5265855193138123
0.34912431240081787
0.4974008798599243
0.5256285965442657
0.29406189918518066
0.9384250901639462
0.3680949807167053
0.27571386098861694
0.40516597032546997
0.41348475217819214
0.2719675898551941
0.07322090864181519
0.8306702673435211
0.29758745431900024
0.09197282791137695
0.26587772369384766
0.1681891679763794
0.38351374864578247
0.26039350032806396
0.5041745603084564
0.3138861060142517
0.38763147592544556
0.3248750567436218
0.39356714487075806
0.44346922636032104
0.2704991102218628
0.5233563184738159
0.26880764961242676
0.5517241060733795
0.5834466218948364
0.44649696350097656
0.2088860273361206
0.3225613832473755
0.19576627016067505
0.23776543140411377
0.32880717515945435
0.3530827760696411
0.27178704738616943
0.25647300481796265
0.43354934453964233
0.3317963480949402
0.2570258378982544
0.19210392236709595
0.4314485788345337
0.3601222634315491
0.15676474571228027
0.7953180074691772
0.4307650923728943
0.24043786525726318
0.681528240442276
0.07779347896575928
0.24943745136260986
0.15454524755477905
0.7748919725418091
0.4185940623283386
0.310278058052063
0.4277890920639038
0.49154889583587646
0.4816802144050598
0.16504782438278198
0.5767771303653717
0.2637684941291809
0.3276628255844116
1.0175805930048227
0.18130159378051758
0.13253772258758545
0.39191168546676636
0.44773364067077637
0.2791207432746887
0.24909746646881104
0.36641716957092285
0.4349978566169739
0.11066091060638428
0.6481717526912689
0.397821843624115
0.21370166540145874
0.48910558223724365
0.22846317291259766
0.2347056269645691
0.17407691478729248
0.32256460189819336
0.10354375839233398
0.12268424034118652
0.29631131887435913
0.3212282657623291
0.8249468952417374
0.7608662694692612
0.21870219707489014
0.21589285135269165
0.2471926212310791
0.21962249279022217
0.36631619930267334
0.6766863763332367
0.5489020943641663
0.14939004182815552
0.4646885395050049
0.820887565612793
0.2633346915245056
0.4843447208404541
0.6012469232082367
0.24341362714767456
0.35994547605514526
0.3772362470626831
0.2319653034210205
0.3767765760421753
0.5727635025978088
0.35622525215148926
0.10465455055236816
0.43865513801574707
0.202589750289917
0.5785633027553558
0.1698489785194397
0.5572505593299866
0.3303724527359009
0.12234139442443848
0.28274989128112793
0.41254568099975586
0.5573762655258179
0.6501612663269043
0.4134560823440552
0.16634118556976318
0.441810667514801
0.1611924171447754
0.38185644149780273
0.3520011305809021
0.7800788134336472
0.11897140741348267
0.6197777390480042
0.42477959394454956
0.15712708234786987
0.336031436920166
0.6373587250709534
0.3411009907722473
0.6814582049846649
0.2996746301651001
0.18746888637542725
0.232494056224823
0.29763925075531006
0.3244627118110657
0.800410732626915
0.16545313596725464
0.10428786277770996
1.1158961206674576
0.35887855291366577
0.41597896814346313
0.2158411145210266
0.9541953355073929
0.3290235996246338
0.3183913826942444
0.20137494802474976
0.13928931951522827
0.32642650604248047
0.08993649482727051
0.30148810148239136
0.20493018627166748
0.43959343433380127
0.31074297428131104
0.24962282180786133
0.21324312686920166
1.0361536741256714
0.27226102352142334
0.21691346168518066
0.32054561376571655
0.41779232025146484
0.816803440451622
0.24412322044372559
0.2896731495857239
0.1943131685256958
0.2310907244682312
0.5623450577259064
0.19695544242858887
0.30228137969970703
1.1311981230974197
0.5692858695983887
0.23399454355239868
0.39600396156311035
1.0353717505931854
0.3380265235900879
0.26207900047302246
0.47493940591812134
0.4940674901008606
0.35068678855895996
0.13439351320266724
0.49685138463974
0.18105483055114746
0.3664202094078064
0.11998653411865234
0.6289890110492706
0.18663179874420166
0.11982804536819458
0.7255408763885498
0.08582264184951782
0.2856925129890442
0.4495684504508972
0.2299976944923401
0.1919490098953247
0.378420889377594
0.23530542850494385
0.6128605604171753
0.7672507166862488
0.30118513107299805
0.4241822361946106
0.09494394063949585
0.4199599027633667
0.3623277544975281
0.19603663682937622
0.25236642360687256
0.41217124462127686
0.2724751830101013
0.5649477541446686
0.40839314460754395
0.38933223485946655
0.3468645215034485
0.5596116781234741
0.5853791832923889
0.5015215873718262
0.6058703660964966
0.5677268505096436
0.4390639066696167
0.4335649013519287
0.3987554907798767
0.3071119785308838
0.30822205543518066
0.19725888967514038
0.2763400077819824
0.5379687249660492
0.2062644362449646
0.3731837868690491
0.2909785509109497
0.28557729721069336
0.2564971446990967
0.3479994535446167
0.2210240364074707
0.2595474123954773
0.3349531292915344
0.3007187247276306
0.48223716020584106
0.3465161919593811
0.05439138412475586
0.1379789113998413
0.1639220118522644
0.33719372749328613
0.18413352966308594
0.17854082584381104
0.3015023469924927
0.8900802657008171
0.356370210647583
0.1506112813949585
0.3813546895980835
0.30941522121429443
0.48509931564331055
0.22099101543426514
0.5054356455802917
0.3021213412284851
0.4327283501625061
0.8255756199359894
0.06374466419219971
1.0378494784235954
0.20619839429855347
0.43046247959136963
0.4214564561843872
0.5448612868785858
0.5536284148693085
0.10896289348602295
0.24582797288894653
0.439489483833313
0.3809430003166199
0.7229773700237274
0.14134520292282104
0.10810816287994385
0.31200557947158813
0.38227570056915283
0.2777373194694519
0.7014560103416443
0.35963547229766846
0.4473946690559387
0.17559224367141724
0.11575758457183838
0.23434245586395264
0.5116033554077148
0.09646189212799072
0.3461846113204956
0.17401331663131714
0.27108800411224365
0.23189419507980347
0.3455875515937805
0.17867213487625122
0.7453452944755554
0.2869168519973755
0.34937846660614014
0.36913615465164185
0.3566744327545166
0.32144695520401
0.6341890096664429
0.287369966506958
0.3717700242996216
0.4953764081001282
0.37695735692977905
0.43612194061279297
0.4811171293258667
0.13286316394805908
0.8098282814025879
0.3258103132247925
0.31072700023651123
